Freq	Wavenum	WaveR		
300	999.9998505	99.98504533	99	98.504533
303.62	999.9997502	99.97501742	99	97.501742
307.23	999.9995903	99.9590265	99	95.90265
310.85	999.9993423	99.9342278	99	93.42278
314.47	999.9989685	99.89684904	99	89.684904
318.08	999.9984207	99.84207206	99	84.207206
321.7	999.9976405	99.76405319	99	76.405319
325.32	999.9965612	99.65612342	99	65.612342
328.93	999.9951111	99.51111046	99	51.111046
332.55	999.9932199	99.32199114	99	32.199114
336.17	999.9908275	99.08275086	99	8.275086
339.78	999.9878945	98.78945417	98	78.945417
343.4	999.9844142	98.44141906	98	44.141906
347.02	999.9804234	98.04233671	98	4.233671
350.64	999.9760113	97.60113416	97	60.113416
354.25	999.9713236	97.13236062	97	13.236062
357.87	999.966559	96.65590466	96	65.590466
361.49	999.9619592	96.19592451	96	19.592451
365.1	999.9577899	95.77899454	95	77.899454
368.72	999.9543162	95.43161955	95	43.161955
372.34	999.9517742	95.17741519	95	17.741519
375.95	999.9503436	95.03436221	95	3.436221
379.57	999.9501258	95.01258034	95	1.258034
383.19	999.9511301	95.11301494	95	11.301494
386.8	999.9532729	95.32728828	95	32.728828
390.42	999.9563876	95.6387624	95	63.87624
394.04	999.9602464	96.02463839	96	2.463839
397.65	999.9645873	96.45872896	96	45.872896
401.27	999.9691443	96.91443285	96	91.443285
404.89	999.9736743	97.36743424	97	36.743424
408.5	999.9779774	97.79774469	97	79.774469
412.12	999.9819087	98.19086854	98	19.086854
415.74	999.9853806	98.53806229	98	53.806229
419.35	999.9883582	98.8358246	98	83.58246
422.97	999.9908482	99.08482166	99	8.482166
426.59	999.9928874	99.28873698	99	28.873698
430.21	999.9945286	99.45286145	99	45.286145
433.82	999.9958312	99.58312394	99	58.312394
437.44	999.9968531	99.68530602	99	68.530602
441.06	999.9976458	99.76457678	99	76.457678
444.67	999.9982528	99.82527929	99	82.527929
448.29	999.9987089	99.87089225	99	87.089225
451.91	999.9990409	99.90409015	99	90.409015
455.52	999.9992684	99.92683976	99	92.683976
459.14	999.999405	99.94050068	99	94.050068
462.76	999.9994595	99.94594812	99	94.594812
466.37	999.9994352	99.94352383	99	94.352383
469.99	999.9993339	99.93338989	99	93.338989
473.61	999.9991544	99.91544428	99	91.544428
477.22	999.9988964	99.88963688	99	88.963688
480.84	999.9985598	99.85598028	99	85.598028
484.46	999.9981491	99.81490996	99	81.490996
488.07	999.9976756	99.76756024	99	76.756024
491.69	999.9971568	99.71567676	99	71.567676
495.31	999.9966174	99.66173658	99	66.173658
498.92	999.9960884	99.60884207	99	60.884207
502.54	999.9956048	99.56047681	99	56.047681
506.16	999.9952017	99.5201683	99	52.01683
509.78	999.9949107	99.49107478	99	49.107478
513.39	999.9947559	99.47559341	99	47.559341
517.01	999.9947501	99.47500559	99	47.500559
520.63	999.9948936	99.48935928	99	48.935928
524.24	999.9951742	99.51741709	99	51.741709
527.86	999.9955685	99.55684748	99	55.684748
531.48	999.9960454	99.60454325	99	60.454325
535.09	999.9965702	99.65702372	99	65.702372
538.71	999.9971085	99.7108488	99	71.08488
542.33	999.9976298	99.76297757	99	76.297757
545.94	999.9981101	99.81100991	99	81.100991
549.56	999.9985335	99.85334906	99	85.334906
553.18	999.9988916	99.88915935	99	88.915935
556.79	999.9991829	99.91829174	99	91.829174
560.41	999.9994112	99.9411183	99	94.11183
564.03	999.9995835	99.95834535	99	95.834535
567.64	999.9997083	99.97083426	99	97.083426
571.26	999.9997945	99.97945165	99	97.945165
574.88	999.9998496	99.98496015	99	98.496015
578.49	999.9998795	99.98795027	99	98.795027
582.11	999.9998881	99.98881004	99	98.881004
585.73	999.9998772	99.98772486	99	98.772486
589.35	999.999847	99.98470127	99	98.470127
592.96	999.9997961	99.97960984	99	97.960984
596.58	999.9997224	99.97224397	99	97.224397
600.2	999.9996239	99.96239159	99	96.239159
603.81	999.9994992	99.94991557	99	94.991557
607.43	999.9993484	99.93483565	99	93.483565
611.05	999.999173	99.91729892	99	91.729892
614.66	999.9989789	99.89789339	99	89.789339
618.28	999.9987736	99.87735939	99	87.735939
621.9	999.9985667	99.85666631	99	85.666631
625.51	999.9983688	99.83688305	99	83.688305
629.13	999.99819	99.81900204	99	81.900204
632.75	999.9980372	99.80372097	99	80.372097
636.36	999.9979119	99.79119121	99	79.119121
639.98	999.9978078	99.78077776	99	78.077776
643.6	999.9977086	99.77085717	99	77.085717
647.21	999.9975869	99.75869092	99	75.869092
650.83	999.9974041	99.74041225	99	74.041225
654.45	999.9971116	99.71115864	99	71.115864
658.06	999.9966538	99.66537715	99	66.537715
661.68	999.9959732	99.59731817	99	59.731817
665.3	999.9950171	99.50171227	99	50.171227
668.91	999.9937459	99.37459312	99	37.459312
672.53	999.9921419	99.21418953	99	21.418953
676.15	999.9902176	99.02176303	99	2.176303
679.77	999.9880224	98.80223516	98	80.223516
683.38	999.9856444	98.56443609	98	56.443609
687	999.9832083	98.32083356	98	32.083356
690.62	999.9808667	98.08667037	98	8.667037
694.23	999.9787854	97.87854476	97	87.854476
697.85	999.9771259	97.7125893	97	71.25893
701.47	999.9760251	97.60251102	97	60.251102
705.08	999.9755782	97.55781738	97	55.781738
708.7	999.9758255	97.58254576	97	58.254576
712.32	999.9767473	97.67473418	97	67.473418
715.93	999.9782673	97.82673323	97	82.673323
719.55	999.980263	98.02629607	98	2.629607
723.17	999.9825819	98.25818563	98	25.818563
726.78	999.9850624	98.50623906	98	50.623906
730.4	999.9875503	98.75502551	98	75.502551
734.02	999.9899145	98.99144603	98	99.144603
737.63	999.9920563	99.20562635	99	20.562635
741.25	999.9939126	99.39125918	99	39.125918
744.87	999.9954554	99.54554396	99	54.554396
748.48	999.9966831	99.66831112	99	66.831112
752.1	999.9976151	99.76150723	99	76.150723
755.72	999.9982803	99.82802865	99	82.802865
759.34	999.9987104	99.87104222	99	87.104222
762.95	999.9989331	99.89330579	99	89.330579
766.57	999.9989673	99.89673195	99	89.673195
770.19	999.9988217	99.88217087	99	88.217087
773.8	999.998494	99.84939794	99	84.939794
777.42	999.9979728	99.79727788	99	79.727788
781.04	999.9972407	99.72407349	99	72.407349
784.65	999.9962786	99.62786402	99	62.786402
788.27	999.9950703	99.50703456	99	50.703456
791.89	999.9936079	99.36079194	99	36.079194
795.5	999.9918966	99.18965646	99	18.965646
799.12	999.9899587	98.99587494	98	99.587494
802.74	999.9878377	98.7837682	98	78.37682
806.35	999.9855952	98.55952083	98	55.952083
809.97	999.983316	98.33159965	98	33.159965
813.59	999.9810996	98.10996468	98	10.996468
817.2	999.9790562	97.90562192	97	90.562192
820.82	999.9772983	97.72983222	97	72.983222
824.44	999.9759318	97.59317559	97	59.317559
828.05	999.9750457	97.50457427	97	50.457427
831.67	999.9747036	97.47036453	97	47.036453
835.29	999.9749356	97.49356053	97	49.356053
838.91	999.9757342	97.57341848	97	57.341848
842.52	999.9770539	97.70538985	97	70.538985
846.14	999.978815	97.88149852	97	88.149852
849.76	999.9809111	98.09111007	98	9.111007
853.37	999.9832199	98.32199494	98	32.199494
856.99	999.9856154	98.56153508	98	56.153508
860.61	999.987979	98.79790009	98	79.790009
864.22	999.9902103	99.0210313	99	2.10313
867.84	999.9922331	99.22331081	99	22.331081
871.46	999.9939986	99.39986173	99	39.986173
875.07	999.9954849	99.54848833	99	54.848833
878.69	999.9966932	99.66932487	99	66.932487
882.31	999.997643	99.76429674	99	76.429674
885.92	999.9983651	99.83650673	99	83.650673
889.54	999.9988965	99.8896485	99	88.96485
893.16	999.9992751	99.92751407	99	92.751407
896.77	999.9995364	99.95363818	99	95.363818
900.39	999.9997108	99.97108165	99	97.108165
904.01	999.9998234	99.98233776	99	98.233776
907.62	999.9998933	99.98933157	99	98.933157
911.24	999.9999348	99.9934788	99	99.34788
914.86	999.999958	99.99579848	99	99.579848
918.48	999.999969	99.99689986	99	99.689986
922.09	999.9999726	99.99726143	99	99.726143
925.71	999.9999715	99.99715144	99	99.715144
929.33	999.9999673	99.99673472	99	99.673472
932.94	999.9999613	99.99613381	99	99.613381
936.56	999.999954	99.99540142	99	99.540142
940.18	999.9999452	99.99451751	99	99.451751
943.79	999.9999359	99.9935923	99	99.35923
947.41	999.9999265	99.99265361	99	99.265361
951.03	999.9999173	99.99173274	99	99.173274
954.64	999.9999086	99.99086383	99	99.086383
958.26	999.9999008	99.99008252	99	99.008252
961.88	999.9998942	99.98942413	99	98.942413
965.49	999.9998892	99.98892136	99	98.892136
969.11	999.999886	99.98860137	99	98.860137
972.73	999.9998848	99.98848257	99	98.848257
976.34	999.9998857	99.9885715	99	98.85715
979.96	999.9998886	99.98886049	99	98.886049
983.58	999.9998933	99.98932683	99	98.932683
987.19	999.9998993	99.98993389	99	98.993389
990.81	999.9999063	99.99063452	99	99.063452
994.43	999.9999138	99.99137625	99	99.137625
998.04	999.9999211	99.99210769	99	99.210769
1001.66	999.9999278	99.99278493	99	99.278493
1005.28	999.9999338	99.9933769	99	99.33769
1008.9	999.9999387	99.9938686	99	99.38686
1012.51	999.9999426	99.99426168	99	99.426168
1016.13	999.9999457	99.99457235	99	99.457235
1019.75	999.9999476	99.99476239	99	99.476239
1023.36	999.9999482	99.99482216	99	99.482216
1026.98	999.9999481	99.99480559	99	99.480559
1030.6	999.9999458	99.99457807	99	99.457807
1034.21	999.9999397	99.99396873	99	99.396873
1037.83	999.9999265	99.99265045	99	99.265045
1041.45	999.9999009	99.99008529	99	99.008529
1045.06	999.9998543	99.98542701	99	98.542701
1048.68	999.9997741	99.97740597	99	97.740597
1052.3	999.999642	99.964199	99	96.4199
1055.91	999.9994331	99.94330559	99	94.330559
1059.53	999.9991146	99.91145663	99	91.145663
1063.15	999.998646	99.86460358	99	86.460358
1066.76	999.9979804	99.7980384	99	79.80384
1070.38	999.997067	99.70669552	99	70.669552
1074	999.9958567	99.58567011	99	58.567011
1077.61	999.9943095	99.43095298	99	43.095298
1081.23	999.9924033	99.24032977	99	24.032977
1084.85	999.9901434	99.01433604	99	1.433604
1088.47	999.987571	98.757097	98	75.7097
1092.08	999.9847686	98.47685683	98	47.685683
1095.7	999.9818522	98.18522351	98	18.522351
1099.32	999.9789884	97.89884209	97	89.884209
1102.93	999.9763514	97.63514355	97	63.514355
1106.55	999.9741204	97.41203713	97	41.203713
1110.17	999.9724525	97.24525338	97	24.525338
1113.78	999.971459	97.14589658	97	14.589658
1117.4	999.9711839	97.11838513	97	11.838513
1121.02	999.9715898	97.15897681	97	15.897681
1124.63	999.9725515	97.2551452	97	25.51452
1128.25	999.9738589	97.38588648	97	38.588648
1131.87	999.9752292	97.52291641	97	52.291641
1135.48	999.9763262	97.63262374	97	63.262374
1139.1	999.9767862	97.67862027	97	67.862027
1142.72	999.9762474	97.62473979	97	62.473979
1146.33	999.9743837	97.43836923	97	43.836923
1149.95	999.97094	97.09399767	97	9.399767
1153.57	999.9657681	96.5768095	96	57.68095
1157.18	999.9588602	95.88602272	95	88.602272
1160.8	999.9503751	95.03751451	95	3.751451
1164.42	999.9406515	94.06514943	94	6.514943
1168.04	999.9302021	93.02021012	93	2.021012
1171.65	999.9196849	91.96848778	91	96.848778
1175.27	999.9098493	90.98493384	90	98.493384
1178.89	999.9014626	90.14625591	90	14.625591
1182.5	999.8952235	89.52234911	89	52.234911
1186.12	999.8916785	89.16784565	89	16.784565
1189.74	999.8911521	89.11521119	89	11.521119
1193.35	999.8937064	89.37064222	89	37.064222
1196.97	999.8991319	89.91318798	89	91.318798
1200.59	999.9069884	90.6988381	90	69.88381
1204.2	999.9166571	91.66570669	91	66.570669
1207.82	999.9274248	92.74248498	92	74.248498
1211.44	999.9385701	93.85700953	93	85.700953
1215.05	999.9494367	94.94366859	94	94.366859
1218.67	999.959488	95.94880055	95	94.880055
1222.29	999.9683367	96.83367044	96	83.367044
1225.9	999.9757446	97.57445745	97	57.445745
1229.52	999.9816029	98.16028804	98	16.028804
1233.14	999.9858989	98.58988926	98	58.988926
1236.75	999.9886775	98.86774556	98	86.774556
1240.37	999.990006	99.00060129	99	0.060129
1243.99	999.9899495	98.99494543	98	99.494543
1247.61	999.9885585	98.85585049	98	85.585049
1251.22	999.9858726	98.58726056	98	58.726056
1254.84	999.9819356	98.1935569	98	19.35569
1258.46	999.97682	97.68199866	97	68.199866
1262.07	999.9706546	97.0654593	97	6.54593
1265.69	999.9636478	96.36478289	96	36.478289
1269.31	999.956101	95.61009515	95	61.009515
1272.92	999.9484054	94.84054338	94	84.054338
1276.54	999.9410214	94.10213791	94	10.213791
1280.16	999.9344413	93.4441328	93	44.41328
1283.77	999.9291415	92.91414877	92	91.414877
1287.39	999.9255083	92.55082806	92	55.082806
1291.01	999.923823	92.3823042	92	38.23042
1294.62	999.9241993	92.41992851	92	41.992851
1298.24	999.9265779	92.65779452	92	65.779452
1301.86	999.9307369	93.07369262	93	7.369262
1305.47	999.9363229	93.6322877	93	63.22877
1309.09	999.9428972	94.28972411	94	28.972411
1312.71	999.9499892	94.99892078	94	99.892078
1316.32	999.9571459	95.71459192	95	71.459192
1319.94	999.9639728	96.39727932	96	39.727932
1323.56	999.9701598	97.01597502	97	1.597502
1327.17	999.9754926	97.54925792	97	54.925792
1330.79	999.9798516	97.98515797	97	98.515797
1334.41	999.9832014	98.32013784	98	32.013784
1338.03	999.9855762	98.55762217	98	55.762217
1341.64	999.9870643	98.70643161	98	70.643161
1345.26	999.9877934	98.77933989	98	77.933989
1348.88	999.9879182	98.79182339	98	79.182339
1352.49	999.9876095	98.76094976	98	76.094976
1356.11	999.9870431	98.70431493	98	70.431493
1359.73	999.986391	98.63910281	98	63.910281
1363.34	999.9858081	98.58081164	98	58.081164
1366.96	999.985423	98.54230102	98	54.230102
1370.58	999.9853286	98.53285638	98	53.285638
1374.19	999.9855758	98.55757933	98	55.757933
1377.81	999.986172	98.61719882	98	61.719882
1381.43	999.9870836	98.70835644	98	70.835644
1385.04	999.9882433	98.82433262	98	82.433262
1388.66	999.9895629	98.95629284	98	95.629284
1392.28	999.9909361	99.09360937	99	9.360937
1395.89	999.9922659	99.22658857	99	22.658857
1399.51	999.9934623	99.34622799	99	34.622799
1403.13	999.9944535	99.44534808	99	44.534808
1406.74	999.9951901	99.5190091	99	51.90091
1410.36	999.9956466	99.56466028	99	56.466028
1413.98	999.995821	99.58210113	99	58.210113
1417.6	999.9957321	99.5732117	99	57.32117
1421.21	999.9954181	99.54180751	99	54.180751
1424.83	999.994932	99.49320005	99	49.320005
1428.45	999.9943382	99.43382348	99	43.382348
1432.06	999.9937076	99.37076079	99	37.076079
1435.68	999.9931103	99.31103041	99	31.103041
1439.3	999.9926145	99.26144904	99	26.144904
1442.91	999.9922742	99.22741958	99	22.741958
1446.53	999.9921272	99.21271908	99	21.271908
1450.15	999.9921902	99.21902124	99	21.902124
1453.76	999.992457	99.24570291	99	24.570291
1457.38	999.9928989	99.28988523	99	28.988523
1461	999.9934669	99.34668934	99	34.668934
1464.61	999.9940965	99.4096463	99	40.96463
1468.23	999.9947122	99.47122156	99	47.122156
1471.85	999.995231	99.52309879	99	52.309879
1475.46	999.9955694	99.55693719	99	55.693719
1479.08	999.9956446	99.56446477	99	56.446477
1482.7	999.9953791	99.53791449	99	53.791449
1486.31	999.9947043	99.47042946	99	47.042946
1489.93	999.993566	99.35660081	99	35.660081
1493.55	999.9919317	99.19317451	99	19.317451
1497.17	999.9897989	98.97989479	98	97.989479
1500.78	999.9872037	98.72036709	98	72.036709
1504.4	999.9842275	98.42274705	98	42.274705
1508.02	999.9810002	98.10002255	98	10.002255
1511.63	999.9776967	97.76967467	97	76.967467
1515.25	999.9745259	97.45259007	97	45.259007
1518.87	999.9717117	97.17116781	97	17.116781
1522.48	999.9694711	96.94711033	96	94.711033
1526.1	999.9679874	96.79874158	96	79.874158
1529.72	999.9673859	96.7385904	96	73.85904
1533.33	999.9677177	96.77176743	96	77.176743
1536.95	999.968952	96.89520085	96	89.520085
1540.57	999.9709787	97.09786996	97	9.786996
1544.18	999.9736251	97.3625052	97	36.25052
1547.8	999.9766752	97.66752293	97	66.752293
1551.42	999.9798946	97.98945894	97	98.945894
1555.03	999.9830542	98.30542126	98	30.542126
1558.65	999.9859497	98.59496712	98	59.496712
1562.27	999.988413	98.84129679	98	84.129679
1565.88	999.990317	99.0316986	99	3.16986
1569.5	999.9915735	99.15735383	99	15.735383
1573.12	999.9921272	99.21271883	99	21.271883
1576.74	999.9919474	99.19474378	99	19.474378
1580.35	999.9910217	99.10216661	99	10.216661
1583.97	999.9893505	98.93505466	98	93.505466
1587.59	999.9869468	98.69468187	98	69.468187
1591.2	999.9838375	98.38374682	98	38.374682
1594.82	999.9800687	98.00687104	98	0.687104
1598.44	999.9757127	97.57127116	97	57.127116
1602.05	999.9708747	97.08746776	97	8.746776
1605.67	999.9656987	96.5698729	96	56.98729
1609.29	999.9603708	96.03708461	96	3.708461
1612.9	999.9551172	95.51171671	95	51.171671
1616.52	999.9501962	95.0196196	95	1.96196
1620.14	999.9458841	94.58841418	94	58.841418
1623.75	999.9424537	94.24537339	94	24.537339
1627.37	999.9401492	94.01492328	94	1.492328
1630.99	999.9391548	93.91548175	93	91.548175
1634.6	999.9395774	93.95774491	93	95.774491
1638.22	999.9414239	94.14238798	94	14.238798
1641.84	999.9445968	94.45967612	94	45.967612
1645.45	999.948902	94.89019732	94	89.019732
1649.07	999.9540687	95.40686519	95	40.686519
1652.69	999.9597789	95.97789182	95	97.789182
1656.3	999.9657024	96.57024444	96	57.024444
1659.92	999.9715302	97.1530221	97	15.30221
1663.54	999.9770024	97.70023677	97	70.023677
1667.16	999.9819264	98.19263806	98	19.263806
1670.77	999.9861843	98.61843466	98	61.843466
1674.39	999.9897298	98.97298241	98	97.298241
1678.01	999.9925768	99.25767669	99	25.767669
1681.62	999.9947838	99.478377	99	47.8377
1685.24	999.996437	99.64369826	99	64.369826
1688.86	999.9976344	99.76344399	99	76.344399
1692.47	999.9984736	99.84735975	99	84.735975
1696.09	999.9990428	99.9042821	99	90.42821
1699.71	999.9994167	99.94167145	99	94.167145
1703.32	999.9996546	99.9654608	99	96.54608
1706.94	999.9998017	99.98017462	99	98.017462
1710.56	999.9998893	99.98893244	99	98.893244
1714.17	999.9999398	99.99398403	99	99.398403
1717.79	999.9999682	99.99682313	99	99.682313
1721.41	999.9999837	99.9983702	99	99.83702
1725.02	999.9999919	99.99918772	99	99.918772
1728.64	999.9999961	99.9996067	99	99.96067
1732.26	999.9999989	99.99989477	99	99.989477
1735.87	1000	100	100	0
1739.49	1000	100	100	0
1743.11	1000	100	100	0
1746.73	1000	100	100	0
1750.34	1000	100	100	0
1753.96	1000	100	100	0
1757.58	1000	100	100	0
1761.19	1000	100	100	0
1764.81	1000	100	100	0
1768.43	1000	100	100	0
1772.04	1000	100	100	0
1775.66	1000	100	100	0
1779.28	1000	100	100	0
1782.89	1000	100	100	0
1786.51	1000	100	100	0
1790.13	1000	100	100	0
1793.74	1000	100	100	0
1797.36	1000	100	100	0
1800.98	1000	100	100	0
1804.59	1000	100	100	0
1808.21	1000	100	100	0
1811.83	1000	100	100	0
1815.44	1000	100	100	0
1819.06	1000	100	100	0
1822.68	1000	100	100	0
1826.3	1000	100	100	0
1829.91	1000	100	100	0
1833.53	1000	100	100	0
1837.15	1000	100	100	0
1840.76	1000	100	100	0
1844.38	1000	100	100	0
1848	1000	100	100	0
1851.61	1000	100	100	0
1855.23	1000	100	100	0
1858.85	1000	100	100	0
1862.46	1000	100	100	0
1866.08	1000	100	100	0
1869.7	1000	100	100	0
1873.31	1000	100	100	0
1876.93	1000	100	100	0
1880.55	1000	100	100	0
1884.16	1000	100	100	0
1887.78	1000	100	100	0
1891.4	1000	100	100	0
1895.01	1000	100	100	0
1898.63	1000	100	100	0
1902.25	1000	100	100	0
1905.87	1000	100	100	0
1909.48	1000	100	100	0
1913.1	1000	100	100	0
1916.72	1000	100	100	0
1920.33	1000	100	100	0
1923.95	1000	100	100	0
1927.57	1000	100	100	0
1931.18	1000	100	100	0
1934.8	1000	100	100	0
1938.42	1000	100	100	0
1942.03	1000	100	100	0
1945.65	1000	100	100	0
1949.27	1000	100	100	0
1952.88	1000	100	100	0
1956.5	1000	100	100	0
1960.12	1000	100	100	0
1963.73	1000	100	100	0
1967.35	1000	100	100	0
1970.97	1000	100	100	0
1974.58	1000	100	100	0
1978.2	1000	100	100	0
1981.82	1000	100	100	0
1985.43	1000	100	100	0
1989.05	1000	100	100	0
1992.67	1000	100	100	0
1996.29	1000	100	100	0
1999.9	1000	100	100	0
2003.52	1000	100	100	0
2007.14	1000	100	100	0
2010.75	1000	100	100	0
2014.37	1000	100	100	0
2017.99	1000	100	100	0
2021.6	1000	100	100	0
2025.22	1000	100	100	0
2028.84	1000	100	100	0
2032.45	1000	100	100	0
2036.07	1000	100	100	0
2039.69	1000	100	100	0
2043.3	1000	100	100	0
2046.92	1000	100	100	0
2050.54	1000	100	100	0
2054.15	1000	100	100	0
2057.77	1000	100	100	0
2061.39	1000	100	100	0
2065	1000	100	100	0
2068.62	1000	100	100	0
2072.24	1000	100	100	0
2075.86	1000	100	100	0
2079.47	1000	100	100	0
2083.09	1000	100	100	0
2086.71	1000	100	100	0
2090.32	1000	100	100	0
2093.94	1000	100	100	0
2097.56	1000	100	100	0
2101.17	1000	100	100	0
2104.79	1000	100	100	0
2108.41	1000	100	100	0
2112.02	1000	100	100	0
2115.64	1000	100	100	0
2119.26	1000	100	100	0
2122.87	1000	100	100	0
2126.49	1000	100	100	0
2130.11	1000	100	100	0
2133.72	1000	100	100	0
2137.34	1000	100	100	0
2140.96	1000	100	100	0
2144.57	1000	100	100	0
2148.19	1000	100	100	0
2151.81	1000	100	100	0
2155.43	999.9999993	99.99992814	99	99.992814
2159.04	999.9999976	99.99976243	99	99.976243
2162.66	999.9999952	99.99951711	99	99.951711
2166.28	999.9999905	99.99904644	99	99.904644
2169.89	999.9999817	99.99817063	99	99.817063
2173.51	999.9999659	99.99659032	99	99.659032
2177.13	999.9999383	99.99382581	99	99.382581
2180.74	999.9998914	99.98913818	99	98.913818
2184.36	999.9998144	99.98143557	99	98.143557
2187.98	999.9996917	99.96917399	99	96.917399
2191.59	999.9995027	99.95027101	99	95.027101
2195.21	999.9992206	99.92206027	99	92.206027
2198.83	999.9988132	99.88132332	99	88.132332
2202.44	999.9982444	99.82443853	99	82.443853
2206.06	999.9974768	99.74768063	99	74.768063
2209.68	999.9964769	99.64768622	99	64.768622
2213.29	999.9952207	99.52206756	99	52.206756
2216.91	999.9937011	99.3701149	99	37.01149
2220.53	999.9919348	99.19348172	99	19.348172
2224.14	999.9899671	98.99671284	98	99.671284
2227.76	999.9878746	98.78746433	98	78.746433
2231.38	999.9857629	98.5762882	98	57.62882
2235	999.9837592	98.3759179	98	37.59179
2238.61	999.9820008	98.200084	98	20.0084
2242.23	999.98062	98.06199508	98	6.199508
2245.85	999.9797271	97.97270998	97	97.270998
2249.46	999.9793968	97.93967733	97	93.967733
2253.08	999.9796571	97.96570976	97	96.570976
2256.7	999.9804859	98.04858854	98	4.858854
2260.31	999.9818138	98.18137574	98	18.137574
2263.93	999.9835337	98.35337307	98	35.337307
2267.55	999.9855154	98.55154352	98	55.154352
2271.16	999.9876213	98.76213416	98	76.213416
2274.78	999.9897222	98.97222167	98	97.222167
2278.4	999.9917095	99.17094577	99	17.094577
2282.01	999.9935028	99.35028354	99	35.028354
2285.63	999.9950532	99.50532262	99	50.532262
2289.25	999.9963409	99.63408745	99	63.408745
2292.86	999.9973704	99.73704017	99	73.704017
2296.48	999.9981641	99.81640614	99	81.640614
2300.1	999.9987547	99.87546734	99	87.546734
2303.71	999.9991793	99.91793376	99	91.793376
2307.33	999.9994746	99.9474586	99	94.74586
2310.95	999.9996732	99.96731907	99	96.731907
2314.57	999.9998025	99.98025112	99	98.025112
2318.18	999.9998841	99.98840568	99	98.840568
2321.8	999.9999339	99.99338693	99	99.338693
2325.42	999.9999634	99.9963355	99	99.63355
2329.03	999.9999803	99.99802721	99	99.802721
2332.65	999.9999897	99.99896819	99	99.896819
2336.27	999.9999948	99.99947571	99	99.947571
2339.88	999.9999974	99.99974118	99	99.974118
2343.5	999.9999992	99.99991778	99	99.991778
2347.12	1000	100	100	0
2350.73	1000	100	100	0
2354.35	1000	100	100	0
2357.97	1000	100	100	0
2361.58	1000	100	100	0
2365.2	1000	100	100	0
2368.82	1000	100	100	0
2372.43	1000	100	100	0
2376.05	1000	100	100	0
2379.67	1000	100	100	0
2383.28	1000	100	100	0
2386.9	1000	100	100	0
2390.52	1000	100	100	0
2394.13	1000	100	100	0
2397.75	1000	100	100	0
2401.37	1000	100	100	0
2404.99	1000	100	100	0
2408.6	1000	100	100	0
2412.22	1000	100	100	0
2415.84	1000	100	100	0
2419.45	1000	100	100	0
2423.07	1000	100	100	0
2426.69	1000	100	100	0
2430.3	1000	100	100	0
2433.92	1000	100	100	0
2437.54	1000	100	100	0
2441.15	1000	100	100	0
2444.77	1000	100	100	0
2448.39	1000	100	100	0
2452	1000	100	100	0
2455.62	1000	100	100	0
2459.24	1000	100	100	0
2462.85	1000	100	100	0
2466.47	1000	100	100	0
2470.09	1000	100	100	0
2473.7	1000	100	100	0
2477.32	1000	100	100	0
2480.94	1000	100	100	0
2484.56	1000	100	100	0
2488.17	1000	100	100	0
2491.79	1000	100	100	0
2495.41	1000	100	100	0
2499.02	1000	100	100	0
2502.64	1000	100	100	0
2506.26	1000	100	100	0
2509.87	1000	100	100	0
2513.49	1000	100	100	0
2517.11	1000	100	100	0
2520.72	1000	100	100	0
2524.34	1000	100	100	0
2527.96	1000	100	100	0
2531.57	1000	100	100	0
2535.19	1000	100	100	0
2538.81	1000	100	100	0
2542.42	1000	100	100	0
2546.04	1000	100	100	0
2549.66	1000	100	100	0
2553.27	1000	100	100	0
2556.89	1000	100	100	0
2560.51	1000	100	100	0
2564.13	1000	100	100	0
2567.74	1000	100	100	0
2571.36	1000	100	100	0
2574.98	1000	100	100	0
2578.59	1000	100	100	0
2582.21	1000	100	100	0
2585.83	1000	100	100	0
2589.44	1000	100	100	0
2593.06	1000	100	100	0
2596.68	1000	100	100	0
2600.29	1000	100	100	0
2603.91	1000	100	100	0
2607.53	1000	100	100	0
2611.14	1000	100	100	0
2614.76	1000	100	100	0
2618.38	1000	100	100	0
2621.99	1000	100	100	0
2625.61	1000	100	100	0
2629.23	1000	100	100	0
2632.84	1000	100	100	0
2636.46	1000	100	100	0
2640.08	1000	100	100	0
2643.7	1000	100	100	0
2647.31	1000	100	100	0
2650.93	1000	100	100	0
2654.55	1000	100	100	0
2658.16	1000	100	100	0
2661.78	1000	100	100	0
2665.4	1000	100	100	0
2669.01	1000	100	100	0
2672.63	1000	100	100	0
2676.25	1000	100	100	0
2679.86	1000	100	100	0
2683.48	1000	100	100	0
2687.1	1000	100	100	0
2690.71	1000	100	100	0
2694.33	1000	100	100	0
2697.95	1000	100	100	0
2701.56	1000	100	100	0
2705.18	1000	100	100	0
2708.8	1000	100	100	0
2712.41	1000	100	100	0
2716.03	1000	100	100	0
2719.65	1000	100	100	0
2723.26	1000	100	100	0
2726.88	1000	100	100	0
2730.5	1000	100	100	0
2734.12	1000	100	100	0
2737.73	1000	100	100	0
2741.35	1000	100	100	0
2744.97	1000	100	100	0
2748.58	1000	100	100	0
2752.2	1000	100	100	0
2755.82	1000	100	100	0
2759.43	1000	100	100	0
2763.05	1000	100	100	0
2766.67	1000	100	100	0
2770.28	1000	100	100	0
2773.9	1000	100	100	0
2777.52	1000	100	100	0
2781.13	1000	100	100	0
2784.75	1000	100	100	0
2788.37	1000	100	100	0
2791.98	1000	100	100	0
2795.6	1000	100	100	0
2799.22	1000	100	100	0
2802.83	1000	100	100	0
2806.45	1000	100	100	0
2810.07	1000	100	100	0
2813.69	1000	100	100	0
2817.3	1000	100	100	0
2820.92	1000	100	100	0
2824.54	1000	100	100	0
2828.15	1000	100	100	0
2831.77	1000	100	100	0
2835.39	1000	100	100	0
2839	1000	100	100	0
2842.62	1000	100	100	0
2846.24	1000	100	100	0
2849.85	1000	100	100	0
2853.47	1000	100	100	0
2857.09	1000	100	100	0
2860.7	1000	100	100	0
2864.32	1000	100	100	0
2867.94	1000	100	100	0
2871.55	1000	100	100	0
2875.17	1000	100	100	0
2878.79	1000	100	100	0
2882.4	1000	100	100	0
2886.02	1000	100	100	0
2889.64	1000	100	100	0
2893.26	1000	100	100	0
2896.87	1000	100	100	0
2900.49	1000	100	100	0
2904.11	1000	100	100	0
2907.72	1000	100	100	0
2911.34	1000	100	100	0
2914.96	1000	100	100	0
2918.57	1000	100	100	0
2922.19	1000	100	100	0
2925.81	1000	100	100	0
2929.42	1000	100	100	0
2933.04	1000	100	100	0
2936.66	1000	100	100	0
2940.27	1000	100	100	0
2943.89	1000	100	100	0
2947.51	1000	100	100	0
2951.12	1000	100	100	0
2954.74	1000	100	100	0
2958.36	1000	100	100	0
2961.97	1000	100	100	0
2965.59	1000	100	100	0
2969.21	1000	100	100	0
2972.83	1000	100	100	0
2976.44	1000	100	100	0
2980.06	1000	100	100	0
2983.68	1000	100	100	0
2987.29	1000	100	100	0
2990.91	1000	100	100	0
2994.53	1000	100	100	0
2998.14	1000	100	100	0
3001.76	1000	100	100	0
3005.38	1000	100	100	0
3008.99	1000	100	100	0
3012.61	1000	100	100	0
3016.23	1000	100	100	0
3019.84	1000	100	100	0
3023.46	1000	100	100	0
3027.08	1000	100	100	0
3030.69	1000	100	100	0
3034.31	1000	100	100	0
3037.93	1000	100	100	0
3041.54	1000	100	100	0
3045.16	1000	100	100	0
3048.78	999.9999993	99.99992692	99	99.992692
3052.39	999.9999985	99.9998486	99	99.98486
3056.01	999.999997	99.99969528	99	99.969528
3059.63	999.999994	99.99940424	99	99.940424
3063.25	999.9999886	99.99885666	99	99.885666
3066.86	999.9999789	99.99788777	99	99.788777
3070.48	999.9999617	99.99616842	99	99.616842
3074.1	999.999933	99.99330448	99	99.330448
3077.71	999.9998863	99.98862754	99	98.862754
3081.33	999.9998122	99.98122279	99	98.122279
3084.95	999.9996986	99.96985861	99	96.985861
3088.56	999.9995296	99.95295561	99	95.295561
3092.18	999.9992859	99.92859481	99	92.859481
3095.8	999.9989455	99.89455441	99	89.455441
3099.41	999.9984854	99.84854078	99	84.854078
3103.03	999.997883	99.78829982	99	78.829982
3106.65	999.9971198	99.71197896	99	71.197896
3110.26	999.9961846	99.61845891	99	61.845891
3113.88	999.995077	99.50770133	99	50.770133
3117.5	999.9938104	99.38103768	99	38.103768
3121.11	999.9924133	99.24133462	99	24.133462
3124.73	999.9909298	99.09298136	99	9.298136
3128.35	999.9894167	98.94166903	98	94.166903
3131.96	999.9879397	98.79396786	98	79.396786
3135.58	999.9865675	98.65674707	98	65.674707
3139.2	999.9853652	98.53651619	98	53.651619
3142.82	999.9843879	98.43878581	98	43.878581
3146.43	999.9836755	98.3675463	98	36.75463
3150.05	999.9832494	98.3249432	98	32.49432
3153.67	999.9831119	98.31119311	98	31.119311
3157.28	999.9832474	98.32474152	98	32.474152
3160.9	999.9836262	98.3626228	98	36.26228
3164.52	999.9842095	98.420951	98	42.0951
3168.13	999.9849545	98.49545311	98	49.545311
3171.75	999.9858196	98.58195683	98	58.195683
3175.37	999.9867676	98.6767609	98	67.67609
3178.98	999.9877684	98.77684417	98	77.684417
3182.6	999.988799	98.87990458	98	87.990458
3186.22	999.9898425	98.98425317	98	98.425317
3189.83	999.9908861	99.08861452	99	8.861452
3193.45	999.991919	99.19189878	99	19.189878
3197.07	999.9929301	99.29300788	99	29.300788
3200.68	999.9939072	99.390722	99	39.0722
3204.3	999.9948369	99.48368651	99	48.368651
3207.92	999.9957049	99.57049108	99	57.049108
3211.53	999.9964981	99.64981022	99	64.981022
3215.15	999.9972056	99.72056208	99	72.056208
3218.77	999.9978204	99.7820433	99	78.20433
3222.39	999.9983401	99.83400842	99	83.400842
3226	999.9987668	99.87668034	99	87.668034
3229.62	999.999107	99.91069545	99	91.069545
3233.24	999.99937	99.93700129	99	93.700129
3236.85	999.9995677	99.95677132	99	95.677132
3240.47	999.999711	99.97109683	99	97.109683
3244.09	999.999812	99.98120136	99	98.120136
3247.7	999.9998811	99.98810942	99	98.810942
3251.32	999.9999269	99.99268721	99	99.268721
3254.94	999.9999563	99.99563305	99	99.563305
3258.55	999.9999747	99.99747484	99	99.747484
3262.17	999.9999858	99.998578	99	99.8578
3265.79	999.9999922	99.99921816	99	99.921816
3269.4	999.9999958	99.99958243	99	99.958243
3273.02	999.9999978	99.99978336	99	99.978336
3276.64	999.9999989	99.99989082	99	99.989082
3280.25	999.9999995	99.99994655	99	99.994655
3283.87	999.9999997	99.99997458	99	99.997458
3287.49	1000	100	100	0
3291.1	1000	100	100	0
3294.72	1000	100	100	0
3298.34	1000	100	100	0
3301.96	1000	100	100	0
3305.57	1000	100	100	0
3309.19	1000	100	100	0
3312.81	1000	100	100	0
3316.42	1000	100	100	0
3320.04	1000	100	100	0
3323.66	1000	100	100	0
3327.27	1000	100	100	0
3330.89	1000	100	100	0
3334.51	1000	100	100	0
3338.12	1000	100	100	0
3341.74	1000	100	100	0
3345.36	1000	100	100	0
3348.97	1000	100	100	0
3352.59	1000	100	100	0
3356.21	1000	100	100	0
3359.82	1000	100	100	0
3363.44	1000	100	100	0
3367.06	1000	100	100	0
3370.67	1000	100	100	0
3374.29	1000	100	100	0
3377.91	1000	100	100	0
3381.52	1000	100	100	0
3385.14	1000	100	100	0
3388.76	1000	100	100	0
3392.38	1000	100	100	0
3395.99	1000	100	100	0
3399.61	1000	100	100	0
3403.23	1000	100	100	0
3406.84	1000	100	100	0
3410.46	1000	100	100	0
3414.08	1000	100	100	0
3417.69	1000	100	100	0
3421.31	1000	100	100	0
3424.93	1000	100	100	0
3428.54	1000	100	100	0
3432.16	1000	100	100	0
3435.78	1000	100	100	0
3439.39	1000	100	100	0
3443.01	1000	100	100	0
3446.63	1000	100	100	0
3450.24	1000	100	100	0
3453.86	1000	100	100	0
3457.48	1000	100	100	0
3461.09	1000	100	100	0
3464.71	1000	100	100	0
3468.33	1000	100	100	0
3471.95	1000	100	100	0
3475.56	1000	100	100	0
3479.18	1000	100	100	0
3482.8	1000	100	100	0
3486.41	1000	100	100	0
3490.03	1000	100	100	0
3493.65	1000	100	100	0
3497.26	1000	100	100	0
3500.88	1000	100	100	0
3504.5	1000	100	100	0
3508.11	1000	100	100	0
3511.73	1000	100	100	0
3515.35	1000	100	100	0
3518.96	1000	100	100	0
3522.58	1000	100	100	0
3526.2	1000	100	100	0
3529.81	1000	100	100	0
3533.43	1000	100	100	0
3537.05	1000	100	100	0
3540.66	1000	100	100	0
3544.28	1000	100	100	0
3547.9	1000	100	100	0
3551.52	1000	100	100	0
3555.13	1000	100	100	0
3558.75	1000	100	100	0
3562.37	1000	100	100	0
3565.98	1000	100	100	0
3569.6	1000	100	100	0
3573.22	1000	100	100	0
3576.83	1000	100	100	0
3580.45	1000	100	100	0
3584.07	1000	100	100	0
3587.68	1000	100	100	0
3591.3	1000	100	100	0
3594.92	1000	100	100	0
3598.53	1000	100	100	0
3602.15	1000	100	100	0
3605.77	1000	100	100	0
3609.38	1000	100	100	0
3613	1000	100	100	0
3616.62	1000	100	100	0
3620.23	1000	100	100	0
3623.85	1000	100	100	0
3627.47	1000	100	100	0
3631.09	1000	100	100	0
3634.7	1000	100	100	0
3638.32	1000	100	100	0
3641.94	1000	100	100	0
3645.55	1000	100	100	0
3649.17	1000	100	100	0
3652.79	1000	100	100	0
3656.4	1000	100	100	0
3660.02	1000	100	100	0
3663.64	1000	100	100	0
3667.25	1000	100	100	0
3670.87	1000	100	100	0
3674.49	1000	100	100	0
3678.1	1000	100	100	0
3681.72	1000	100	100	0
3685.34	999.9999972	99.9997225	99	99.97225
3688.95	999.9999943	99.99942625	99	99.942625
3692.57	999.9999885	99.99884765	99	99.884765
3696.19	999.9999775	99.99775175	99	99.775175
3699.8	999.9999574	99.99573909	99	99.573909
3703.42	999.9999216	99.99215558	99	99.215558
3707.04	999.9998597	99.98597128	99	98.597128
3710.65	999.9997563	99.97562895	99	97.562895
3714.27	999.9995887	99.95887277	99	95.887277
3717.89	999.9993258	99.93258076	99	93.258076
3721.51	999.9989264	99.89264127	99	89.264127
3725.12	999.9983393	99.83393046	99	83.393046
3728.74	999.9975046	99.75045913	99	75.045913
3732.36	999.9963576	99.63575592	99	63.575592
3735.97	999.9948353	99.48353319	99	48.353319
3739.59	999.9928864	99.28863672	99	28.863672
3743.21	999.9904821	99.04821342	99	4.821342
3746.82	999.9876295	98.76295126	98	76.295126
3750.44	999.9843817	98.43817219	98	43.817219
3754.06	999.9808452	98.08451569	98	8.451569
3757.67	999.9771796	97.71796054	97	71.796054
3761.29	999.9735901	97.35900968	97	35.900968
3764.91	999.97031	97.03100427	97	3.100427
3768.52	999.9675771	96.75771307	96	75.771307
3772.14	999.9656052	96.56052289	96	56.052289
3775.76	999.9645568	96.45568339	96	45.568339
3779.37	999.964521	96.45209727	96	45.209727
3782.99	999.9655007	96.5500722	96	55.00722
3786.61	999.9674128	96.74127722	96	74.127722
3790.22	999.9700991	97.00991224	97	0.991224
3793.84	999.9733486	97.33486286	97	33.486286
3797.46	999.9769243	97.69243311	97	69.243311
3801.08	999.9805917	98.05916711	98	5.916711
3804.69	999.984143	98.41429973	98	41.429973
3808.31	999.987415	98.74150016	98	74.150016
3811.93	999.9902975	99.02974846	99	2.974846
3815.54	999.9927337	99.27336782	99	27.336782
3819.16	999.9947138	99.47137947	99	47.137947
3822.78	999.9962643	99.62642954	99	62.642954
3826.39	999.9974355	99.74355151	99	74.355151
3830.01	999.9982899	99.82898788	99	82.898788
3833.63	999.9988922	99.8892222	99	88.92222
3837.24	999.9993029	99.93029279	99	93.029279
3840.86	999.9995739	99.95739096	99	95.739096
3844.48	999.999747	99.97469974	99	97.469974
3848.09	999.9998541	99.98540691	99	98.540691
3851.71	999.9999182	99.99182348	99	99.182348
3855.33	999.9999555	99.9955497	99	99.55497
3858.94	999.9999765	99.99764707	99	99.764707
3862.56	999.9999879	99.99879155	99	99.879155
3866.18	999.999994	99.9993971	99	99.93971
3869.79	999.9999971	99.99970781	99	99.970781
3873.41	1000	100	100	0
3877.03	1000	100	100	0
3880.65	1000	100	100	0
3884.26	1000	100	100	0
3887.88	1000	100	100	0
3891.5	1000	100	100	0
3895.11	1000	100	100	0
3898.73	1000	100	100	0
3902.35	1000	100	100	0
3905.96	1000	100	100	0
3909.58	1000	100	100	0
3913.2	1000	100	100	0
3916.81	1000	100	100	0
3920.43	1000	100	100	0
3924.05	1000	100	100	0
3927.66	1000	100	100	0
3931.28	1000	100	100	0
3934.9	1000	100	100	0
3938.51	1000	100	100	0
3942.13	1000	100	100	0
3945.75	1000	100	100	0
3949.36	1000	100	100	0
3952.98	1000	100	100	0
3956.6	1000	100	100	0
3960.22	1000	100	100	0
3963.83	1000	100	100	0
3967.45	1000	100	100	0
3971.07	1000	100	100	0
3974.68	1000	100	100	0
3978.3	1000	100	100	0
3981.92	1000	100	100	0
3985.53	1000	100	100	0
3989.15	1000	100	100	0
3992.77	1000	100	100	0
3996.38	1000	100	100	0
4000	1000	100	100	0
