   300.00 999.99563067340694 
   303.62 999.99562616510320 
   307.23 999.99569280197568 
   310.85 999.99582229178816 
   314.47 999.99600394852030 
   318.08 999.99622558400824 
   321.70 999.99647431304652 
   325.32 999.99673730809752 
   328.93 999.99700252526804 
   332.55 999.99725944238799 
   336.17 999.99749975270527 
   339.78 999.99771793779087 
   343.40 999.99791157541108 
   347.02 999.99808127740710 
   350.64 999.99822997394369 
   354.25 999.99836213990648 
   357.87 999.99848366978938 
   361.49 999.99859888670551 
   365.10 999.99871050242734 
   368.72 999.99881927753063 
   372.34 999.99892221816231 
   375.95 999.99901431568753 
   379.57 999.99908661900724 
   383.19 999.99912721382191 
   386.80 999.99912088668498 
   390.42 999.99904901396076 
   394.04 999.99888913295820 
   397.65 999.99861569524558 
   401.27 999.99820045689057 
   404.89 999.99761438819780 
   408.50 999.99683054562615 
   412.12 999.99582801620977 
   415.74 999.99459667896747 
   419.35 999.99314171017966 
   422.97 999.99148823253950 
   426.59 999.98968331490528 
   430.21 999.98779606690528 
   433.82 999.98591457809937 
   437.44 999.98413980865610 
   441.06 999.98257694687641 
   444.67 999.98132526291215 
   448.29 999.98046771530869 
   451.91 999.98006241294763 
   455.52 999.98013595040754 
   459.14 999.98068083621752 
   462.76 999.98165373869460 
   466.37 999.98298945757017 
   469.99 999.98459640758813 
   473.61 999.98637216752104 
   477.22 999.98821075014291 
   480.84 999.99001010964309 
   484.46 999.99167737600487 
   488.07 999.99313125455103 
   491.69 999.99430156891822 
   495.31 999.99512647291544 
   498.92 999.99554839195616 
   502.54 999.99551006397701 
   506.16 999.99495230728394 
   509.78 999.99381497109994 
   513.39 999.99204213228086 
   517.01 999.98959185044180 
   520.63 999.98644972611135 
   524.24 999.98264435311228 
   527.86 999.97826166698144 
   531.48 999.97345474288727 
   535.09 999.96844505341335 
   538.71 999.96351329660388 
   542.33 999.95897817901880 
   545.94 999.95516468398569 
   549.56 999.95236933696810 
   553.18 999.95082108181191 
   556.79 999.95065134860204 
   560.41 999.95187600772033 
   564.03 999.95439253373297 
   567.64 999.95799429472595 
   571.26 999.96239839034547 
   574.88 999.96728176064835 
   578.49 999.97231994009383 
   582.11 999.97722148084461 
   585.73 999.98175338021076 
   589.35 999.98575495182524 
   592.96 999.98914003965911 
   596.58 999.99188952135307 
   600.20 999.99403727182221 
   603.81 999.99565244637404 
   607.43 999.99682511822971 
   611.05 999.99764879208124 
   614.66 999.99821042349333 
   618.28 999.99858574626671 
   621.90 999.99883330560692 
   625.51 999.99899401467087 
   629.13 999.99909224962050 
   632.75 999.99913723315137 
   636.36 999.99912479643194 
   639.98 999.99903856022547 
   643.60 999.99885194636306 
   647.21 999.99852898649965 
   650.83 999.99802836373453 
   654.45 999.99729515909178 
   658.06 999.99628460895826 
   661.68 999.99495035696555 
   665.30 999.99325753665789 
   668.91 999.99119021997979 
   672.53 999.98875913197242 
   676.15 999.98600796584674 
   679.77 999.98301664778717 
   683.38 999.97990008472289 
   687.00 999.97680147325195 
   690.62 999.97388015412582 
   694.23 999.97129512160711 
   697.85 999.96918640415890 
   701.47 999.96765733983364 
   705.08 999.96676102036520 
   708.70 999.96649372100796 
   712.32 999.96679698262517 
   715.93 999.96756839265026 
   719.55 999.96867914100551 
   723.17 999.96999553027490 
   726.78 999.97139968795955 
   730.40 999.97280602043054 
   734.02 999.97417012073345 
   737.63 999.97548883214426 
   741.25 999.97679207182580 
   744.87 999.97812876677835 
   748.48 999.97955037284316 
   752.10 999.98109569222515 
   755.72 999.98278007116414 
   759.34 999.98459077227903 
   762.95 999.98648875373135 
   766.57 999.98841566320016 
   770.19 999.99030389947006 
   773.80 999.99208724949892 
   777.42 999.99371003703152 
   781.04 999.99513309979932 
   784.65 999.99633632424730 
   788.27 999.99731779482033 
   791.89 999.99809097935986 
   795.50 999.99867828065055 
   799.12 999.99910949183061 
   802.74 999.99941527144153 
   806.35 999.99962334446616 
   809.97 999.99975867524222 
   813.59 999.99984089065902 
   817.20 999.99988508166689 
   820.82 999.99990166487771 
   824.44 999.99989749353722 
   828.05 999.99987678168236 
   831.67 999.99984202793655 
   835.29 999.99979485767540 
   838.91 999.99973673543650 
   842.52 999.99966954946603 
   846.14 999.99959615863099 
   849.76 999.99951923166827 
   853.37 999.99944371709773 
   856.99 999.99937440649887 
   860.61 999.99931618445976 
   864.22 999.99927347515484 
   867.84 999.99924967788286 
   871.46 999.99924670845439 
   875.07 999.99926472723700 
   878.69 999.99930210495779 
   882.31 999.99935563254166 
   885.92 999.99942093523862 
   889.54 999.99949301525794 
   893.16 999.99956682925097 
   896.77 999.99963778871154 
   900.39 999.99970221480737 
   904.01 999.99975750192368 
   907.62 999.99980221966666 
   911.24 999.99983602304235 
   914.86 999.99985930706896 
   918.48 999.99987344031729 
   922.09 999.99987988638145 
   925.71 999.99988025184416 
   929.33 999.99987595257085 
   932.94 999.99986796516498 
   936.56 999.99985660998982 
   940.18 999.99984137150500 
   943.79 999.99982076982224 
   947.41 999.99979230380950 
   951.03 999.99975248905309 
   954.64 999.99969700576423 
   958.26 999.99962107181182 
   961.88 999.99951983373398 
   965.49 999.99938905411648 
   969.11 999.99922579901863 
   972.73 999.99902931856059 
   976.34 999.99880171080383 
   979.96 999.99854851530426 
   983.58 999.99827889239202 
   987.19 999.99800537540443 
   990.81 999.99774307858058 
   994.43 999.99750839073715 
   998.04 999.99731728096936 
  1001.66 999.99718332392843 
  1005.28 999.99711629140756 
  1008.90 999.99712052822895 
  1012.51 999.99719444850007 
  1016.13 999.99733074609435 
  1019.75 999.99751588655715 
  1023.36 999.99773589141694 
  1026.98 999.99797136720895 
  1030.60 999.99820586113344 
  1034.21 999.99842146593369 
  1037.83 999.99860172234185 
  1041.45 999.99873040554473 
  1045.06 999.99879010032657 
  1048.68 999.99876025827757 
  1052.30 999.99861503924876 
  1055.91 999.99832144570553 
  1059.53 999.99783825157385 
  1063.15 999.99711627358499 
  1066.76 999.99610049065677 
  1070.38 999.99473439274482 
  1074.00 999.99296669830539 
  1077.61 999.99076019985898 
  1081.23 999.98810198874526 
  1084.85 999.98501379309710 
  1088.47 999.98156055987693 
  1092.08 999.97785531830255 
  1095.70 999.97405836262089 
  1099.32 999.97036940065527 
  1102.93 999.96701249973603 
  1106.55 999.96421463830154 
  1110.17 999.96218128846533 
  1113.78 999.96107187362622 
  1117.40 999.96097874826501 
  1121.02 999.96191486558951 
  1124.63 999.96381117417241 
  1128.25 999.96652483664184 
  1131.87 999.96985677489135 
  1135.48 999.97357545381226 
  1139.10 999.97744284540261 
  1142.72 999.98123845268310 
  1146.33 999.98477795372969 
  1149.95 999.98792470961178 
  1153.57 999.99059340238000 
  1157.18 999.99274711430121 
  1160.80 999.99438969579205 
  1164.42 999.99555579140167 
  1168.04 999.99630066622285 
  1171.65 999.99669137441174 
  1175.27 999.99680003523110 
  1178.89 999.99669925139426 
  1182.50 999.99645918416627 
  1186.12 999.99614556982965 
  1189.74 999.99581801554427 
  1193.35 999.99552821781060 
  1196.97 999.99531776378797 
  1200.59 999.99521651757141 
  1204.20 999.99524104340219 
  1207.82 999.99539480024066 
  1211.44 999.99566645306481 
  1215.05 999.99603664421761 
  1218.67 999.99647814272839 
  1222.29 999.99695841971266 
  1225.90 999.99744787364523 
  1229.52 999.99791911364935 
  1233.14 999.99835126630046 
  1236.75 999.99872994853206 
  1240.37 999.99904773223716 
  1243.99 999.99930299867628 
  1247.61 999.99949833642916 
  1251.22 999.99963869975124 
  1254.84 999.99972962435197 
  1258.46 999.99977571718114 
  1262.07 999.99977955369388 
  1265.69 999.99974105183867 
  1269.31 999.99965732978603 
  1272.92 999.99952314961865 
  1276.54 999.99933182321968 
  1280.16 999.99907655867707 
  1283.77 999.99875227829205 
  1287.39 999.99835759161920 
  1291.01 999.99789670944983 
  1294.62 999.99738093552844 
  1298.24 999.99682952976264 
  1301.86 999.99626850055222 
  1305.47 999.99573024382312 
  1309.09 999.99524952822560 
  1312.71 999.99486001956632 
  1316.32 999.99459014323315 
  1319.94 999.99445934017763 
  1323.56 999.99447541516304 
  1327.17 999.99463349980283 
  1330.79 999.99491684977568 
  1334.41 999.99529933279462 
  1338.03 999.99574913095512 
  1341.64 999.99623296023913 
  1345.26 999.99672005195725 
  1348.88 999.99718525123365 
  1352.49 999.99761082721182 
  1356.11 999.99798688921396 
  1359.73 999.99831052051343 
  1363.34 999.99858376265468 
  1366.96 999.99881288952463 
  1370.58 999.99900475190202 
  1374.19 999.99916586490917 
  1377.81 999.99930117853012 
  1381.43 999.99941332314461 
  1385.04 999.99950227267436 
  1388.66 999.99956520727085 
  1392.28 999.99959642247097 
  1395.89 999.99958720238544 
  1399.51 999.99952567912385 
  1403.13 999.99939681255012 
  1406.74 999.99918271449906 
  1410.36 999.99886358113622 
  1413.98 999.99841943120452 
  1417.60 999.99783296965722 
  1421.21 999.99709259388885 
  1424.83 999.99619729098049 
  1428.45 999.99515974821645 
  1432.06 999.99400935655638 
  1435.68 999.99279315039541 
  1439.30 999.99157413684293 
  1442.91 999.99042673583506 
  1446.53 999.98942958822443 
  1450.15 999.98865660143611 
  1453.76 999.98816760841964 
  1457.38 999.98800027426716 
  1461.00 999.98816472898773 
  1464.61 999.98864205966879 
  1468.23 999.98938701120119 
  1471.85 999.99033425715220 
  1475.46 999.99140728030613 
  1479.08 999.99252813032626 
  1482.70 999.99362641803430 
  1486.31 999.99464616844000 
  1489.93 999.99554970088548 
  1493.55 999.99631835266837 
  1497.17 999.99695045497481 
  1500.78 999.99745738679837 
  1504.40 999.99785871526490 
  1508.02 999.99817738545948 
  1511.63 999.99843570518885 
  1515.25 999.99865256128987 
  1518.87 999.99884196319488 
  1522.48 999.99901282883911 
  1526.10 999.99916971844993 
  1529.72 999.99931385113939 
  1533.33 999.99944451588226 
  1536.95 999.99956021553089 
  1540.57 999.99965943265602 
  1544.18 999.99974137545314 
  1547.80 999.99980577581607 
  1551.42 999.99985303642939 
  1555.03 999.99988366075456 
  1558.65 999.99989759021435 
  1562.27 999.99989522460203 
  1565.88 999.99987581402434 
  1569.50 999.99983792587489 
  1573.12 999.99977954887515 
  1576.74 999.99969837438221 
  1580.35 999.99959223029862 
  1583.97 999.99945962189315 
  1587.59 999.99930031304189 
  1591.20 999.99911586465430 
  1594.82 999.99891003944299 
  1598.44 999.99868898823638 
  1602.05 999.99846116139020 
  1605.67 999.99823689638527 
  1609.29 999.99802767653887 
  1612.90 999.99784533728837 
  1616.52 999.99770089086246 
  1620.14 999.99760351994212 
  1623.75 999.99755965664724 
  1627.37 999.99757231286969 
  1630.99 999.99764075158464 
  1634.60 999.99776054603569 
  1638.22 999.99792402327580 
  1641.84 999.99812103716556 
  1645.45 999.99833997109613 
  1649.07 999.99856883987366 
  1652.69 999.99879634937258 
  1656.30 999.99901278449602 
  1659.92 999.99921062894953 
  1663.54 999.99938486791859 
  1667.16 999.99953297714694 
  1670.77 999.99965464846753 
  1674.39 999.99975133379439 
  1678.01 999.99982570236921 
  1681.62 999.99988110001505 
  1685.24 999.99992107889625 
  1688.86 999.99994903875881 
  1692.47 999.99996799296230 
  1696.09 999.99998045026166 
  1699.71 999.99998838911381 
  1703.32 999.99999329552543 
  1706.94 999.99999623650388 
  1710.56 999.99999795970393 
  1714.17 999.99999893526399 
  1717.79 999.99999944949377 
  1721.41 999.99999972350383 
  1725.02 999.99999986509670 
  1728.64 999.99999998668295 
  1732.26 1000.00000000000000 
  1735.87 1000.00000000000000 
  1739.49 1000.00000000000000 
  1743.11 1000.00000000000000 
  1746.73 1000.00000000000000 
  1750.34 1000.00000000000000 
  1753.96 1000.00000000000000 
  1757.58 1000.00000000000000 
  1761.19 1000.00000000000000 
  1764.81 1000.00000000000000 
  1768.43 1000.00000000000000 
  1772.04 1000.00000000000000 
  1775.66 1000.00000000000000 
  1779.28 1000.00000000000000 
  1782.89 1000.00000000000000 
  1786.51 1000.00000000000000 
  1790.13 1000.00000000000000 
  1793.74 1000.00000000000000 
  1797.36 1000.00000000000000 
  1800.98 1000.00000000000000 
  1804.59 1000.00000000000000 
  1808.21 1000.00000000000000 
  1811.83 1000.00000000000000 
  1815.44 1000.00000000000000 
  1819.06 1000.00000000000000 
  1822.68 1000.00000000000000 
  1826.30 1000.00000000000000 
  1829.91 1000.00000000000000 
  1833.53 1000.00000000000000 
  1837.15 1000.00000000000000 
  1840.76 1000.00000000000000 
  1844.38 1000.00000000000000 
  1848.00 1000.00000000000000 
  1851.61 1000.00000000000000 
  1855.23 1000.00000000000000 
  1858.85 1000.00000000000000 
  1862.46 1000.00000000000000 
  1866.08 1000.00000000000000 
  1869.70 1000.00000000000000 
  1873.31 1000.00000000000000 
  1876.93 1000.00000000000000 
  1880.55 1000.00000000000000 
  1884.16 1000.00000000000000 
  1887.78 1000.00000000000000 
  1891.40 1000.00000000000000 
  1895.01 1000.00000000000000 
  1898.63 1000.00000000000000 
  1902.25 1000.00000000000000 
  1905.87 1000.00000000000000 
  1909.48 1000.00000000000000 
  1913.10 1000.00000000000000 
  1916.72 1000.00000000000000 
  1920.33 1000.00000000000000 
  1923.95 1000.00000000000000 
  1927.57 1000.00000000000000 
  1931.18 1000.00000000000000 
  1934.80 1000.00000000000000 
  1938.42 1000.00000000000000 
  1942.03 1000.00000000000000 
  1945.65 1000.00000000000000 
  1949.27 1000.00000000000000 
  1952.88 1000.00000000000000 
  1956.50 1000.00000000000000 
  1960.12 1000.00000000000000 
  1963.73 1000.00000000000000 
  1967.35 1000.00000000000000 
  1970.97 1000.00000000000000 
  1974.58 1000.00000000000000 
  1978.20 1000.00000000000000 
  1981.82 1000.00000000000000 
  1985.43 1000.00000000000000 
  1989.05 1000.00000000000000 
  1992.67 1000.00000000000000 
  1996.29 1000.00000000000000 
  1999.90 1000.00000000000000 
  2003.52 1000.00000000000000 
  2007.14 1000.00000000000000 
  2010.75 1000.00000000000000 
  2014.37 1000.00000000000000 
  2017.99 1000.00000000000000 
  2021.60 1000.00000000000000 
  2025.22 1000.00000000000000 
  2028.84 1000.00000000000000 
  2032.45 1000.00000000000000 
  2036.07 1000.00000000000000 
  2039.69 1000.00000000000000 
  2043.30 1000.00000000000000 
  2046.92 1000.00000000000000 
  2050.54 1000.00000000000000 
  2054.15 1000.00000000000000 
  2057.77 1000.00000000000000 
  2061.39 1000.00000000000000 
  2065.00 1000.00000000000000 
  2068.62 1000.00000000000000 
  2072.24 1000.00000000000000 
  2075.86 1000.00000000000000 
  2079.47 1000.00000000000000 
  2083.09 1000.00000000000000 
  2086.71 1000.00000000000000 
  2090.32 1000.00000000000000 
  2093.94 1000.00000000000000 
  2097.56 1000.00000000000000 
  2101.17 1000.00000000000000 
  2104.79 1000.00000000000000 
  2108.41 1000.00000000000000 
  2112.02 1000.00000000000000 
  2115.64 1000.00000000000000 
  2119.26 1000.00000000000000 
  2122.87 1000.00000000000000 
  2126.49 1000.00000000000000 
  2130.11 1000.00000000000000 
  2133.72 1000.00000000000000 
  2137.34 1000.00000000000000 
  2140.96 1000.00000000000000 
  2144.57 1000.00000000000000 
  2148.19 1000.00000000000000 
  2151.81 1000.00000000000000 
  2155.43 1000.00000000000000 
  2159.04 1000.00000000000000 
  2162.66 1000.00000000000000 
  2166.28 1000.00000000000000 
  2169.89 1000.00000000000000 
  2173.51 1000.00000000000000 
  2177.13 1000.00000000000000 
  2180.74 1000.00000000000000 
  2184.36 1000.00000000000000 
  2187.98 1000.00000000000000 
  2191.59 1000.00000000000000 
  2195.21 1000.00000000000000 
  2198.83 1000.00000000000000 
  2202.44 1000.00000000000000 
  2206.06 1000.00000000000000 
  2209.68 1000.00000000000000 
  2213.29 1000.00000000000000 
  2216.91 1000.00000000000000 
  2220.53 1000.00000000000000 
  2224.14 1000.00000000000000 
  2227.76 1000.00000000000000 
  2231.38 1000.00000000000000 
  2235.00 1000.00000000000000 
  2238.61 1000.00000000000000 
  2242.23 1000.00000000000000 
  2245.85 1000.00000000000000 
  2249.46 1000.00000000000000 
  2253.08 1000.00000000000000 
  2256.70 1000.00000000000000 
  2260.31 1000.00000000000000 
  2263.93 1000.00000000000000 
  2267.55 1000.00000000000000 
  2271.16 1000.00000000000000 
  2274.78 1000.00000000000000 
  2278.40 1000.00000000000000 
  2282.01 1000.00000000000000 
  2285.63 1000.00000000000000 
  2289.25 1000.00000000000000 
  2292.86 1000.00000000000000 
  2296.48 1000.00000000000000 
  2300.10 1000.00000000000000 
  2303.71 1000.00000000000000 
  2307.33 1000.00000000000000 
  2310.95 1000.00000000000000 
  2314.57 1000.00000000000000 
  2318.18 1000.00000000000000 
  2321.80 1000.00000000000000 
  2325.42 1000.00000000000000 
  2329.03 1000.00000000000000 
  2332.65 1000.00000000000000 
  2336.27 1000.00000000000000 
  2339.88 1000.00000000000000 
  2343.50 1000.00000000000000 
  2347.12 1000.00000000000000 
  2350.73 1000.00000000000000 
  2354.35 1000.00000000000000 
  2357.97 1000.00000000000000 
  2361.58 1000.00000000000000 
  2365.20 1000.00000000000000 
  2368.82 1000.00000000000000 
  2372.43 1000.00000000000000 
  2376.05 1000.00000000000000 
  2379.67 1000.00000000000000 
  2383.28 1000.00000000000000 
  2386.90 1000.00000000000000 
  2390.52 1000.00000000000000 
  2394.13 1000.00000000000000 
  2397.75 1000.00000000000000 
  2401.37 1000.00000000000000 
  2404.99 1000.00000000000000 
  2408.60 1000.00000000000000 
  2412.22 1000.00000000000000 
  2415.84 1000.00000000000000 
  2419.45 1000.00000000000000 
  2423.07 1000.00000000000000 
  2426.69 1000.00000000000000 
  2430.30 1000.00000000000000 
  2433.92 1000.00000000000000 
  2437.54 1000.00000000000000 
  2441.15 1000.00000000000000 
  2444.77 1000.00000000000000 
  2448.39 1000.00000000000000 
  2452.00 1000.00000000000000 
  2455.62 1000.00000000000000 
  2459.24 1000.00000000000000 
  2462.85 1000.00000000000000 
  2466.47 1000.00000000000000 
  2470.09 1000.00000000000000 
  2473.70 1000.00000000000000 
  2477.32 1000.00000000000000 
  2480.94 1000.00000000000000 
  2484.56 1000.00000000000000 
  2488.17 1000.00000000000000 
  2491.79 1000.00000000000000 
  2495.41 1000.00000000000000 
  2499.02 1000.00000000000000 
  2502.64 1000.00000000000000 
  2506.26 1000.00000000000000 
  2509.87 1000.00000000000000 
  2513.49 1000.00000000000000 
  2517.11 1000.00000000000000 
  2520.72 1000.00000000000000 
  2524.34 1000.00000000000000 
  2527.96 1000.00000000000000 
  2531.57 1000.00000000000000 
  2535.19 1000.00000000000000 
  2538.81 1000.00000000000000 
  2542.42 1000.00000000000000 
  2546.04 1000.00000000000000 
  2549.66 1000.00000000000000 
  2553.27 1000.00000000000000 
  2556.89 1000.00000000000000 
  2560.51 1000.00000000000000 
  2564.13 1000.00000000000000 
  2567.74 1000.00000000000000 
  2571.36 1000.00000000000000 
  2574.98 1000.00000000000000 
  2578.59 1000.00000000000000 
  2582.21 1000.00000000000000 
  2585.83 1000.00000000000000 
  2589.44 1000.00000000000000 
  2593.06 1000.00000000000000 
  2596.68 1000.00000000000000 
  2600.29 1000.00000000000000 
  2603.91 1000.00000000000000 
  2607.53 1000.00000000000000 
  2611.14 1000.00000000000000 
  2614.76 1000.00000000000000 
  2618.38 1000.00000000000000 
  2621.99 1000.00000000000000 
  2625.61 1000.00000000000000 
  2629.23 1000.00000000000000 
  2632.84 1000.00000000000000 
  2636.46 1000.00000000000000 
  2640.08 1000.00000000000000 
  2643.70 1000.00000000000000 
  2647.31 1000.00000000000000 
  2650.93 1000.00000000000000 
  2654.55 1000.00000000000000 
  2658.16 1000.00000000000000 
  2661.78 1000.00000000000000 
  2665.40 1000.00000000000000 
  2669.01 1000.00000000000000 
  2672.63 1000.00000000000000 
  2676.25 1000.00000000000000 
  2679.86 1000.00000000000000 
  2683.48 1000.00000000000000 
  2687.10 1000.00000000000000 
  2690.71 1000.00000000000000 
  2694.33 1000.00000000000000 
  2697.95 1000.00000000000000 
  2701.56 1000.00000000000000 
  2705.18 1000.00000000000000 
  2708.80 1000.00000000000000 
  2712.41 1000.00000000000000 
  2716.03 1000.00000000000000 
  2719.65 1000.00000000000000 
  2723.26 1000.00000000000000 
  2726.88 1000.00000000000000 
  2730.50 1000.00000000000000 
  2734.12 1000.00000000000000 
  2737.73 1000.00000000000000 
  2741.35 1000.00000000000000 
  2744.97 1000.00000000000000 
  2748.58 1000.00000000000000 
  2752.20 1000.00000000000000 
  2755.82 1000.00000000000000 
  2759.43 1000.00000000000000 
  2763.05 1000.00000000000000 
  2766.67 1000.00000000000000 
  2770.28 1000.00000000000000 
  2773.90 1000.00000000000000 
  2777.52 1000.00000000000000 
  2781.13 1000.00000000000000 
  2784.75 1000.00000000000000 
  2788.37 1000.00000000000000 
  2791.98 1000.00000000000000 
  2795.60 1000.00000000000000 
  2799.22 1000.00000000000000 
  2802.83 1000.00000000000000 
  2806.45 1000.00000000000000 
  2810.07 1000.00000000000000 
  2813.69 1000.00000000000000 
  2817.30 1000.00000000000000 
  2820.92 1000.00000000000000 
  2824.54 1000.00000000000000 
  2828.15 1000.00000000000000 
  2831.77 1000.00000000000000 
  2835.39 1000.00000000000000 
  2839.00 1000.00000000000000 
  2842.62 1000.00000000000000 
  2846.24 1000.00000000000000 
  2849.85 1000.00000000000000 
  2853.47 1000.00000000000000 
  2857.09 1000.00000000000000 
  2860.70 1000.00000000000000 
  2864.32 1000.00000000000000 
  2867.94 1000.00000000000000 
  2871.55 1000.00000000000000 
  2875.17 1000.00000000000000 
  2878.79 1000.00000000000000 
  2882.40 1000.00000000000000 
  2886.02 1000.00000000000000 
  2889.64 1000.00000000000000 
  2893.26 1000.00000000000000 
  2896.87 1000.00000000000000 
  2900.49 1000.00000000000000 
  2904.11 1000.00000000000000 
  2907.72 1000.00000000000000 
  2911.34 1000.00000000000000 
  2914.96 1000.00000000000000 
  2918.57 1000.00000000000000 
  2922.19 1000.00000000000000 
  2925.81 1000.00000000000000 
  2929.42 1000.00000000000000 
  2933.04 1000.00000000000000 
  2936.66 1000.00000000000000 
  2940.27 1000.00000000000000 
  2943.89 1000.00000000000000 
  2947.51 1000.00000000000000 
  2951.12 1000.00000000000000 
  2954.74 1000.00000000000000 
  2958.36 1000.00000000000000 
  2961.97 1000.00000000000000 
  2965.59 1000.00000000000000 
  2969.21 1000.00000000000000 
  2972.83 1000.00000000000000 
  2976.44 1000.00000000000000 
  2980.06 1000.00000000000000 
  2983.68 1000.00000000000000 
  2987.29 1000.00000000000000 
  2990.91 1000.00000000000000 
  2994.53 1000.00000000000000 
  2998.14 1000.00000000000000 
  3001.76 1000.00000000000000 
  3005.38 1000.00000000000000 
  3008.99 1000.00000000000000 
  3012.61 1000.00000000000000 
  3016.23 1000.00000000000000 
  3019.84 1000.00000000000000 
  3023.46 1000.00000000000000 
  3027.08 1000.00000000000000 
  3030.69 1000.00000000000000 
  3034.31 1000.00000000000000 
  3037.93 1000.00000000000000 
  3041.54 1000.00000000000000 
  3045.16 1000.00000000000000 
  3048.78 1000.00000000000000 
  3052.39 1000.00000000000000 
  3056.01 1000.00000000000000 
  3059.63 999.99999990478125 
  3063.25 999.99999980396876 
  3066.86 999.99999948892673 
  3070.48 999.99999889746744 
  3074.10 999.99999787281263 
  3077.71 999.99999600862566 
  3081.33 999.99999261155676 
  3084.95 999.99998685461117 
  3088.56 999.99997724327432 
  3092.18 999.99996006974595 
  3095.80 999.99993383193112 
  3099.41 999.99989300416928 
  3103.03 999.99982930037174 
  3106.65 999.99973564693062 
  3110.26 999.99959915687680 
  3113.88 999.99940418183701 
  3117.50 999.99913074393646 
  3121.11 999.99875366218907 
  3124.73 999.99824158116144 
  3128.35 999.99755599743742 
  3131.96 999.99665050198632 
  3135.58 999.99547061803355 
  3139.20 999.99395478068482 
  3142.82 999.99203711580594 
  3146.43 999.98965265239326 
  3150.05 999.98674536840667 
  3153.67 999.98327898225409 
  3157.28 999.97924968549603 
  3160.90 999.97469918052491 
  3164.52 999.96972563936629 
  3168.13 999.96448978479327 
  3171.75 999.95921344272460 
  3175.37 999.95416875495744 
  3178.98 999.94965773260321 
  3182.60 999.94598373236340 
  3186.22 999.94341834146735 
  3189.83 999.94216858046434 
  3193.45 999.94234985412129 
  3197.07 999.94396947112534 
  3200.68 999.94692386569238 
  3204.30 999.95101022890753 
  3207.92 999.95595064104884 
  3211.53 999.96142459260852 
  3215.15 999.96710448559747 
  3218.77 999.97268856877986 
  3222.39 999.97792673061974 
  3226.00 999.98263633486567 
  3229.62 999.98670736049098 
  3233.24 999.99009800958891 
  3236.85 999.99282329779294 
  3240.47 999.99493975908263 
  3244.09 999.99652930269667 
  3247.70 999.99768466716557 
  3251.32 999.99849777525992 
  3254.94 999.99905220765811 
  3258.55 999.99941853019493 
  3262.17 999.99965310553478 
  3265.79 999.99979879063710 
  3269.40 999.99988659162784 
  3273.02 999.99993783439231 
  3276.64 999.99996687107921 
  3280.25 999.99998327097956 
  3283.87 999.99999189710024 
  3287.49 999.99999601263789 
  3291.10 999.99999809395331 
  3294.72 1000.00000000000000 
  3298.34 1000.00000000000000 
  3301.96 1000.00000000000000 
  3305.57 1000.00000000000000 
  3309.19 1000.00000000000000 
  3312.81 1000.00000000000000 
  3316.42 1000.00000000000000 
  3320.04 1000.00000000000000 
  3323.66 1000.00000000000000 
  3327.27 1000.00000000000000 
  3330.89 1000.00000000000000 
  3334.51 1000.00000000000000 
  3338.12 1000.00000000000000 
  3341.74 1000.00000000000000 
  3345.36 1000.00000000000000 
  3348.97 1000.00000000000000 
  3352.59 1000.00000000000000 
  3356.21 1000.00000000000000 
  3359.82 1000.00000000000000 
  3363.44 1000.00000000000000 
  3367.06 1000.00000000000000 
  3370.67 1000.00000000000000 
  3374.29 1000.00000000000000 
  3377.91 1000.00000000000000 
  3381.52 1000.00000000000000 
  3385.14 1000.00000000000000 
  3388.76 1000.00000000000000 
  3392.38 1000.00000000000000 
  3395.99 1000.00000000000000 
  3399.61 1000.00000000000000 
  3403.23 1000.00000000000000 
  3406.84 1000.00000000000000 
  3410.46 1000.00000000000000 
  3414.08 1000.00000000000000 
  3417.69 1000.00000000000000 
  3421.31 1000.00000000000000 
  3424.93 1000.00000000000000 
  3428.54 1000.00000000000000 
  3432.16 1000.00000000000000 
  3435.78 1000.00000000000000 
  3439.39 1000.00000000000000 
  3443.01 1000.00000000000000 
  3446.63 1000.00000000000000 
  3450.24 1000.00000000000000 
  3453.86 1000.00000000000000 
  3457.48 1000.00000000000000 
  3461.09 1000.00000000000000 
  3464.71 1000.00000000000000 
  3468.33 1000.00000000000000 
  3471.95 1000.00000000000000 
  3475.56 1000.00000000000000 
  3479.18 1000.00000000000000 
  3482.80 1000.00000000000000 
  3486.41 1000.00000000000000 
  3490.03 1000.00000000000000 
  3493.65 1000.00000000000000 
  3497.26 1000.00000000000000 
  3500.88 1000.00000000000000 
  3504.50 1000.00000000000000 
  3508.11 1000.00000000000000 
  3511.73 1000.00000000000000 
  3515.35 1000.00000000000000 
  3518.96 1000.00000000000000 
  3522.58 1000.00000000000000 
  3526.20 1000.00000000000000 
  3529.81 1000.00000000000000 
  3533.43 1000.00000000000000 
  3537.05 1000.00000000000000 
  3540.66 1000.00000000000000 
  3544.28 1000.00000000000000 
  3547.90 1000.00000000000000 
  3551.52 1000.00000000000000 
  3555.13 1000.00000000000000 
  3558.75 1000.00000000000000 
  3562.37 1000.00000000000000 
  3565.98 1000.00000000000000 
  3569.60 1000.00000000000000 
  3573.22 1000.00000000000000 
  3576.83 1000.00000000000000 
  3580.45 1000.00000000000000 
  3584.07 1000.00000000000000 
  3587.68 1000.00000000000000 
  3591.30 1000.00000000000000 
  3594.92 1000.00000000000000 
  3598.53 1000.00000000000000 
  3602.15 1000.00000000000000 
  3605.77 1000.00000000000000 
  3609.38 1000.00000000000000 
  3613.00 1000.00000000000000 
  3616.62 1000.00000000000000 
  3620.23 1000.00000000000000 
  3623.85 1000.00000000000000 
  3627.47 1000.00000000000000 
  3631.09 1000.00000000000000 
  3634.70 1000.00000000000000 
  3638.32 1000.00000000000000 
  3641.94 1000.00000000000000 
  3645.55 1000.00000000000000 
  3649.17 1000.00000000000000 
  3652.79 1000.00000000000000 
  3656.40 1000.00000000000000 
  3660.02 1000.00000000000000 
  3663.64 1000.00000000000000 
  3667.25 1000.00000000000000 
  3670.87 1000.00000000000000 
  3674.49 1000.00000000000000 
  3678.10 1000.00000000000000 
  3681.72 1000.00000000000000 
  3685.34 1000.00000000000000 
  3688.95 1000.00000000000000 
  3692.57 1000.00000000000000 
  3696.19 1000.00000000000000 
  3699.80 1000.00000000000000 
  3703.42 1000.00000000000000 
  3707.04 1000.00000000000000 
  3710.65 1000.00000000000000 
  3714.27 1000.00000000000000 
  3717.89 1000.00000000000000 
  3721.51 1000.00000000000000 
  3725.12 1000.00000000000000 
  3728.74 1000.00000000000000 
  3732.36 1000.00000000000000 
  3735.97 1000.00000000000000 
  3739.59 1000.00000000000000 
  3743.21 1000.00000000000000 
  3746.82 1000.00000000000000 
  3750.44 1000.00000000000000 
  3754.06 1000.00000000000000 
  3757.67 1000.00000000000000 
  3761.29 1000.00000000000000 
  3764.91 1000.00000000000000 
  3768.52 1000.00000000000000 
  3772.14 1000.00000000000000 
  3775.76 1000.00000000000000 
  3779.37 1000.00000000000000 
  3782.99 1000.00000000000000 
  3786.61 1000.00000000000000 
  3790.22 1000.00000000000000 
  3793.84 1000.00000000000000 
  3797.46 1000.00000000000000 
  3801.08 1000.00000000000000 
  3804.69 1000.00000000000000 
  3808.31 1000.00000000000000 
  3811.93 1000.00000000000000 
  3815.54 1000.00000000000000 
  3819.16 1000.00000000000000 
  3822.78 1000.00000000000000 
  3826.39 1000.00000000000000 
  3830.01 1000.00000000000000 
  3833.63 1000.00000000000000 
  3837.24 1000.00000000000000 
  3840.86 1000.00000000000000 
  3844.48 1000.00000000000000 
  3848.09 1000.00000000000000 
  3851.71 1000.00000000000000 
  3855.33 1000.00000000000000 
  3858.94 1000.00000000000000 
  3862.56 1000.00000000000000 
  3866.18 1000.00000000000000 
  3869.79 1000.00000000000000 
  3873.41 1000.00000000000000 
  3877.03 1000.00000000000000 
  3880.65 1000.00000000000000 
  3884.26 1000.00000000000000 
  3887.88 1000.00000000000000 
  3891.50 1000.00000000000000 
  3895.11 1000.00000000000000 
  3898.73 1000.00000000000000 
  3902.35 1000.00000000000000 
  3905.96 1000.00000000000000 
  3909.58 1000.00000000000000 
  3913.20 1000.00000000000000 
  3916.81 1000.00000000000000 
  3920.43 1000.00000000000000 
  3924.05 1000.00000000000000 
  3927.66 1000.00000000000000 
  3931.28 1000.00000000000000 
  3934.90 1000.00000000000000 
  3938.51 1000.00000000000000 
  3942.13 1000.00000000000000 
  3945.75 1000.00000000000000 
  3949.36 1000.00000000000000 
  3952.98 1000.00000000000000 
  3956.60 1000.00000000000000 
  3960.22 1000.00000000000000 
  3963.83 1000.00000000000000 
  3967.45 1000.00000000000000 
  3971.07 1000.00000000000000 
  3974.68 1000.00000000000000 
  3978.30 1000.00000000000000 
  3981.92 1000.00000000000000 
  3985.53 1000.00000000000000 
  3989.15 1000.00000000000000 
  3992.77 1000.00000000000000 
  3996.38 1000.00000000000000 
  4000.00 1000.00000000000000 
