   300.00 999.99994740251418 
   303.62 999.99992220527338 
   307.23 999.99988543647009 
   310.85 999.99983320782974 
   314.47 999.99976122057944 
   318.08 999.99966514903338 
   321.70 999.99954125067279 
   325.32 999.99938708050990 
   328.93 999.99920229986344 
   332.55 999.99898941524157 
   336.17 999.99875429268093 
   339.78 999.99850625980741 
   343.40 999.99825781858385 
   347.02 999.99802361840500 
   350.64 999.99781912040430 
   354.25 999.99765888057402 
   357.87 999.99755479913006 
   361.49 999.99751461433414 
   365.10 999.99754090378565 
   368.72 999.99763076790089 
   372.34 999.99777624283649 
   375.95 999.99796535463270 
   379.57 999.99818361560926 
   383.19 999.99841570258820 
   386.80 999.99864705405548 
   390.42 999.99886517322784 
   394.04 999.99906050693119 
   397.65 999.99922686168316 
   401.27 999.99936139678096 
   404.89 999.99946428236399 
   408.50 999.99953813980642 
   412.12 999.99958736107521 
   415.74 999.99961740260210 
   419.35 999.99963411408044 
   422.97 999.99964314749570 
   426.59 999.99964947725925 
   430.21 999.99965705326463 
   433.82 999.99966860076506 
   437.44 999.99968557097031 
   441.06 999.99970823299805 
   444.67 999.99973588270598 
   448.29 999.99976713027877 
   451.91 999.99980022001580 
   455.52 999.99983342395331 
   459.14 999.99986488917477 
   462.76 999.99989351121769 
   466.37 999.99991842746579 
   469.99 999.99993927736477 
   473.61 999.99995483400846 
   477.22 999.99996650012520 
   480.84 999.99997360240025 
   484.46 999.99997565776482 
   488.07 999.99997147595809 
   491.69 999.99995872666022 
   495.31 999.99993341478000 
   498.92 999.99988926814751 
   502.54 999.99981708558494 
   506.16 999.99970414264226 
   509.78 999.99953382539309 
   513.39 999.99928571712258 
   517.01 999.99893639999550 
   520.63 999.99846121030191 
   524.24 999.99783708395262 
   527.86 999.99704644295355 
   531.48 999.99608163135224 
   535.09 999.99494990997869 
   538.71 999.99367685463540 
   542.33 999.99230854599853 
   545.94 999.99091075881495 
   549.56 999.98956491509989 
   553.18 999.98836080408421 
   556.79 999.98738681531154 
   560.41 999.98671907771757 
   564.03 999.98641130719409 
   567.64 999.98648720273547 
   571.26 999.98693684758007 
   574.88 999.98771784079725 
   578.49 999.98876097571372 
   582.11 999.98997941846756 
   585.73 999.99127973042096 
   589.35 999.99257285350120 
   592.96 999.99378335883512 
   596.58 999.99485576075381 
   600.20 999.99575736498957 
   603.81 999.99647777991436 
   607.43 999.99702573481613 
   611.05 999.99742414506875 
   614.66 999.99770443447721 
   618.28 999.99790101520045 
   621.90 999.99804660482562 
   625.51 999.99816879665241 
   629.13 999.99828804466404 
   632.75 999.99841700990555 
   636.36 999.99856105429228 
   639.98 999.99871956553977 
   643.60 999.99888775241527 
   647.21 999.99905855904740 
   650.83 999.99922440266766 
   654.45 999.99937854237294 
   658.06 999.99951587998203 
   661.68 999.99963388208539 
   665.30 999.99973049823370 
   668.91 999.99980726469403 
   672.53 999.99986608380664 
   676.15 999.99990959479373 
   679.77 999.99994069891852 
   683.38 999.99996220227297 
   687.00 999.99997658826908 
   690.62 999.99998590713665 
   694.23 999.99999175444259 
   697.85 999.99999531028482 
   701.47 999.99999740672956 
   705.08 999.99999860553339 
   708.70 999.99999927066165 
   712.32 999.99999962886420 
   715.93 999.99999981619146 
   719.55 999.99999991136576 
   723.17 999.99999999661986 
   726.78 999.99999999812474 
   730.40 999.99999999898932 
   734.02 999.99999999947090 
   737.63 999.99999999973090 
   741.25 999.99999999986710 
   744.87 999.99999999993622 
   748.48 1000.00000000000000 
   752.10 1000.00000000000000 
   755.72 1000.00000000000000 
   759.34 1000.00000000000000 
   762.95 1000.00000000000000 
   766.57 1000.00000000000000 
   770.19 1000.00000000000000 
   773.80 1000.00000000000000 
   777.42 1000.00000000000000 
   781.04 1000.00000000000000 
   784.65 1000.00000000000000 
   788.27 1000.00000000000000 
   791.89 1000.00000000000000 
   795.50 1000.00000000000000 
   799.12 1000.00000000000000 
   802.74 1000.00000000000000 
   806.35 1000.00000000000000 
   809.97 1000.00000000000000 
   813.59 999.99999869440228 
   817.20 999.99999725647797 
   820.82 999.99999169427451 
   824.44 999.99998326890466 
   828.05 999.99996724405923 
   831.67 999.99993767274111 
   835.29 999.99988473660960 
   838.91 999.99979282701042 
   842.52 999.99963808546988 
   846.14 999.99938551315040 
   849.76 999.99898595980642 
   853.37 999.99837356831949 
   856.99 999.99746454218496 
   860.61 999.99615834433973 
   864.22 999.99434251678679 
   867.84 999.99190210859229 
   871.46 999.98873411720763 
   875.07 999.98476636283647 
   878.69 999.97997892930221 
   882.31 999.97442496485439 
   885.92 999.96824661107428 
   889.54 999.96168152579276 
   893.16 999.95505620752033 
   896.77 999.94876420950209 
   900.39 999.94323012376651 
   904.01 999.93886336349885 
   907.62 999.93600850166251 
   911.24 999.93490045243516 
   914.86 999.93563256662094 
   918.48 999.93814364884577 
   922.09 999.94222640040994 
   925.71 999.94755567273342 
   929.33 999.95373119079534 
   932.94 999.96032696630982 
   936.56 999.96693898409740 
   940.18 999.97322392397712 
   943.79 999.97892421556082 
   947.41 999.98387786172827 
   951.03 999.98801440760906 
   954.64 999.99134055355842 
   958.26 999.99391990684137 
   961.88 999.99585126728039 
   965.49 999.99724893161556 
   969.11 999.99822718440089 
   972.73 999.99888980951141 
   976.34 999.99932438592430 
   979.96 999.99960045784746 
   983.58 999.99977039320788 
   987.19 999.99987177858691 
   990.81 999.99993041981156 
   994.43 999.99996330935073 
   998.04 999.99998119966767 
  1001.66 999.99999063922928 
  1005.28 999.99999616905416 
  1008.90 1000.00000000000000 
  1012.51 1000.00000000000000 
  1016.13 1000.00000000000000 
  1019.75 1000.00000000000000 
  1023.36 1000.00000000000000 
  1026.98 1000.00000000000000 
  1030.60 1000.00000000000000 
  1034.21 1000.00000000000000 
  1037.83 1000.00000000000000 
  1041.45 1000.00000000000000 
  1045.06 1000.00000000000000 
  1048.68 1000.00000000000000 
  1052.30 1000.00000000000000 
  1055.91 1000.00000000000000 
  1059.53 1000.00000000000000 
  1063.15 1000.00000000000000 
  1066.76 1000.00000000000000 
  1070.38 1000.00000000000000 
  1074.00 1000.00000000000000 
  1077.61 1000.00000000000000 
  1081.23 1000.00000000000000 
  1084.85 1000.00000000000000 
  1088.47 1000.00000000000000 
  1092.08 1000.00000000000000 
  1095.70 1000.00000000000000 
  1099.32 1000.00000000000000 
  1102.93 1000.00000000000000 
  1106.55 1000.00000000000000 
  1110.17 1000.00000000000000 
  1113.78 1000.00000000000000 
  1117.40 1000.00000000000000 
  1121.02 1000.00000000000000 
  1124.63 1000.00000000000000 
  1128.25 1000.00000000000000 
  1131.87 1000.00000000000000 
  1135.48 1000.00000000000000 
  1139.10 1000.00000000000000 
  1142.72 1000.00000000000000 
  1146.33 1000.00000000000000 
  1149.95 1000.00000000000000 
  1153.57 1000.00000000000000 
  1157.18 1000.00000000000000 
  1160.80 1000.00000000000000 
  1164.42 1000.00000000000000 
  1168.04 1000.00000000000000 
  1171.65 1000.00000000000000 
  1175.27 1000.00000000000000 
  1178.89 1000.00000000000000 
  1182.50 1000.00000000000000 
  1186.12 1000.00000000000000 
  1189.74 1000.00000000000000 
  1193.35 1000.00000000000000 
  1196.97 1000.00000000000000 
  1200.59 1000.00000000000000 
  1204.20 1000.00000000000000 
  1207.82 1000.00000000000000 
  1211.44 1000.00000000000000 
  1215.05 1000.00000000000000 
  1218.67 1000.00000000000000 
  1222.29 1000.00000000000000 
  1225.90 1000.00000000000000 
  1229.52 1000.00000000000000 
  1233.14 1000.00000000000000 
  1236.75 1000.00000000000000 
  1240.37 1000.00000000000000 
  1243.99 1000.00000000000000 
  1247.61 1000.00000000000000 
  1251.22 1000.00000000000000 
  1254.84 1000.00000000000000 
  1258.46 1000.00000000000000 
  1262.07 1000.00000000000000 
  1265.69 1000.00000000000000 
  1269.31 1000.00000000000000 
  1272.92 1000.00000000000000 
  1276.54 1000.00000000000000 
  1280.16 1000.00000000000000 
  1283.77 1000.00000000000000 
  1287.39 1000.00000000000000 
  1291.01 1000.00000000000000 
  1294.62 1000.00000000000000 
  1298.24 1000.00000000000000 
  1301.86 1000.00000000000000 
  1305.47 1000.00000000000000 
  1309.09 1000.00000000000000 
  1312.71 1000.00000000000000 
  1316.32 1000.00000000000000 
  1319.94 1000.00000000000000 
  1323.56 1000.00000000000000 
  1327.17 1000.00000000000000 
  1330.79 1000.00000000000000 
  1334.41 1000.00000000000000 
  1338.03 1000.00000000000000 
  1341.64 1000.00000000000000 
  1345.26 1000.00000000000000 
  1348.88 1000.00000000000000 
  1352.49 1000.00000000000000 
  1356.11 1000.00000000000000 
  1359.73 1000.00000000000000 
  1363.34 1000.00000000000000 
  1366.96 1000.00000000000000 
  1370.58 1000.00000000000000 
  1374.19 1000.00000000000000 
  1377.81 1000.00000000000000 
  1381.43 1000.00000000000000 
  1385.04 1000.00000000000000 
  1388.66 1000.00000000000000 
  1392.28 1000.00000000000000 
  1395.89 1000.00000000000000 
  1399.51 1000.00000000000000 
  1403.13 1000.00000000000000 
  1406.74 1000.00000000000000 
  1410.36 1000.00000000000000 
  1413.98 1000.00000000000000 
  1417.60 1000.00000000000000 
  1421.21 1000.00000000000000 
  1424.83 1000.00000000000000 
  1428.45 1000.00000000000000 
  1432.06 1000.00000000000000 
  1435.68 1000.00000000000000 
  1439.30 1000.00000000000000 
  1442.91 1000.00000000000000 
  1446.53 1000.00000000000000 
  1450.15 1000.00000000000000 
  1453.76 1000.00000000000000 
  1457.38 1000.00000000000000 
  1461.00 1000.00000000000000 
  1464.61 1000.00000000000000 
  1468.23 1000.00000000000000 
  1471.85 1000.00000000000000 
  1475.46 1000.00000000000000 
  1479.08 1000.00000000000000 
  1482.70 1000.00000000000000 
  1486.31 1000.00000000000000 
  1489.93 1000.00000000000000 
  1493.55 1000.00000000000000 
  1497.17 1000.00000000000000 
  1500.78 1000.00000000000000 
  1504.40 1000.00000000000000 
  1508.02 1000.00000000000000 
  1511.63 1000.00000000000000 
  1515.25 1000.00000000000000 
  1518.87 1000.00000000000000 
  1522.48 1000.00000000000000 
  1526.10 1000.00000000000000 
  1529.72 1000.00000000000000 
  1533.33 1000.00000000000000 
  1536.95 1000.00000000000000 
  1540.57 1000.00000000000000 
  1544.18 1000.00000000000000 
  1547.80 1000.00000000000000 
  1551.42 1000.00000000000000 
  1555.03 1000.00000000000000 
  1558.65 1000.00000000000000 
  1562.27 1000.00000000000000 
  1565.88 1000.00000000000000 
  1569.50 1000.00000000000000 
  1573.12 1000.00000000000000 
  1576.74 1000.00000000000000 
  1580.35 1000.00000000000000 
  1583.97 1000.00000000000000 
  1587.59 1000.00000000000000 
  1591.20 1000.00000000000000 
  1594.82 1000.00000000000000 
  1598.44 1000.00000000000000 
  1602.05 1000.00000000000000 
  1605.67 1000.00000000000000 
  1609.29 1000.00000000000000 
  1612.90 1000.00000000000000 
  1616.52 1000.00000000000000 
  1620.14 1000.00000000000000 
  1623.75 1000.00000000000000 
  1627.37 1000.00000000000000 
  1630.99 1000.00000000000000 
  1634.60 1000.00000000000000 
  1638.22 1000.00000000000000 
  1641.84 1000.00000000000000 
  1645.45 1000.00000000000000 
  1649.07 1000.00000000000000 
  1652.69 1000.00000000000000 
  1656.30 1000.00000000000000 
  1659.92 1000.00000000000000 
  1663.54 1000.00000000000000 
  1667.16 1000.00000000000000 
  1670.77 1000.00000000000000 
  1674.39 1000.00000000000000 
  1678.01 1000.00000000000000 
  1681.62 1000.00000000000000 
  1685.24 1000.00000000000000 
  1688.86 1000.00000000000000 
  1692.47 1000.00000000000000 
  1696.09 1000.00000000000000 
  1699.71 1000.00000000000000 
  1703.32 1000.00000000000000 
  1706.94 1000.00000000000000 
  1710.56 1000.00000000000000 
  1714.17 1000.00000000000000 
  1717.79 1000.00000000000000 
  1721.41 1000.00000000000000 
  1725.02 1000.00000000000000 
  1728.64 1000.00000000000000 
  1732.26 1000.00000000000000 
  1735.87 1000.00000000000000 
  1739.49 1000.00000000000000 
  1743.11 1000.00000000000000 
  1746.73 1000.00000000000000 
  1750.34 1000.00000000000000 
  1753.96 1000.00000000000000 
  1757.58 1000.00000000000000 
  1761.19 1000.00000000000000 
  1764.81 1000.00000000000000 
  1768.43 1000.00000000000000 
  1772.04 1000.00000000000000 
  1775.66 1000.00000000000000 
  1779.28 1000.00000000000000 
  1782.89 1000.00000000000000 
  1786.51 1000.00000000000000 
  1790.13 1000.00000000000000 
  1793.74 1000.00000000000000 
  1797.36 1000.00000000000000 
  1800.98 1000.00000000000000 
  1804.59 1000.00000000000000 
  1808.21 1000.00000000000000 
  1811.83 1000.00000000000000 
  1815.44 1000.00000000000000 
  1819.06 1000.00000000000000 
  1822.68 1000.00000000000000 
  1826.30 1000.00000000000000 
  1829.91 1000.00000000000000 
  1833.53 1000.00000000000000 
  1837.15 1000.00000000000000 
  1840.76 1000.00000000000000 
  1844.38 1000.00000000000000 
  1848.00 1000.00000000000000 
  1851.61 1000.00000000000000 
  1855.23 1000.00000000000000 
  1858.85 1000.00000000000000 
  1862.46 1000.00000000000000 
  1866.08 1000.00000000000000 
  1869.70 1000.00000000000000 
  1873.31 1000.00000000000000 
  1876.93 1000.00000000000000 
  1880.55 1000.00000000000000 
  1884.16 1000.00000000000000 
  1887.78 1000.00000000000000 
  1891.40 1000.00000000000000 
  1895.01 1000.00000000000000 
  1898.63 1000.00000000000000 
  1902.25 1000.00000000000000 
  1905.87 1000.00000000000000 
  1909.48 1000.00000000000000 
  1913.10 1000.00000000000000 
  1916.72 1000.00000000000000 
  1920.33 1000.00000000000000 
  1923.95 1000.00000000000000 
  1927.57 1000.00000000000000 
  1931.18 1000.00000000000000 
  1934.80 1000.00000000000000 
  1938.42 1000.00000000000000 
  1942.03 1000.00000000000000 
  1945.65 1000.00000000000000 
  1949.27 1000.00000000000000 
  1952.88 1000.00000000000000 
  1956.50 1000.00000000000000 
  1960.12 1000.00000000000000 
  1963.73 1000.00000000000000 
  1967.35 1000.00000000000000 
  1970.97 1000.00000000000000 
  1974.58 1000.00000000000000 
  1978.20 1000.00000000000000 
  1981.82 1000.00000000000000 
  1985.43 1000.00000000000000 
  1989.05 1000.00000000000000 
  1992.67 1000.00000000000000 
  1996.29 1000.00000000000000 
  1999.90 1000.00000000000000 
  2003.52 1000.00000000000000 
  2007.14 1000.00000000000000 
  2010.75 1000.00000000000000 
  2014.37 1000.00000000000000 
  2017.99 1000.00000000000000 
  2021.60 1000.00000000000000 
  2025.22 1000.00000000000000 
  2028.84 1000.00000000000000 
  2032.45 1000.00000000000000 
  2036.07 1000.00000000000000 
  2039.69 1000.00000000000000 
  2043.30 1000.00000000000000 
  2046.92 1000.00000000000000 
  2050.54 1000.00000000000000 
  2054.15 1000.00000000000000 
  2057.77 1000.00000000000000 
  2061.39 1000.00000000000000 
  2065.00 1000.00000000000000 
  2068.62 1000.00000000000000 
  2072.24 1000.00000000000000 
  2075.86 1000.00000000000000 
  2079.47 1000.00000000000000 
  2083.09 1000.00000000000000 
  2086.71 1000.00000000000000 
  2090.32 1000.00000000000000 
  2093.94 1000.00000000000000 
  2097.56 1000.00000000000000 
  2101.17 999.99999901182059 
  2104.79 999.99999665312032 
  2108.41 999.99999314121783 
  2112.02 999.99998630498499 
  2115.64 999.99997348616409 
  2119.26 999.99994897329361 
  2122.87 999.99990638160716 
  2126.49 999.99983299108339 
  2130.11 999.99971029223059 
  2133.72 999.99951128852445 
  2137.34 999.99919823017342 
  2140.96 999.99872065489626 
  2144.57 999.99801433488767 
  2148.19 999.99700188942120 
  2151.81 999.99559587690317 
  2155.43 999.99370505274294 
  2159.04 999.99124411218884 
  2162.66 999.98814661977065 
  2166.28 999.98438002189539 
  2169.89 999.97996079227937 
  2173.51 999.97496708371580 
  2177.13 999.96954598679702 
  2180.74 999.96391281123476 
  2184.36 999.95834077390975 
  2187.98 999.95314099842312 
  2191.59 999.94863453301252 
  2195.21 999.94511978932519 
  2198.83 999.94283998533922 
  2202.44 999.94195552627423 
  2206.06 999.94252564881151 
  2209.68 999.94450218663724 
  2213.29 999.94773629538258 
  2216.91 999.95199683355065 
  2220.53 999.95699727658882 
  2224.14 999.96242689107623 
  2227.76 999.96798159062575 
  2231.38 999.97339041414216 
  2235.00 999.97843472051522 
  2238.61 999.98295868540947 
  2242.23 999.98687119206647 
  2245.85 999.99014045157151 
  2249.46 999.99278348882820 
  2253.08 999.99485292704014 
  2256.70 999.99642334430087 
  2260.31 999.99757898802068 
  2263.93 999.99840397941546 
  2267.55 999.99897547809633 
  2271.16 999.99935972524122 
  2274.78 999.99961050887089 
  2278.40 999.99976940936961 
  2282.01 999.99986715992520 
  2285.63 999.99992554491462 
  2289.25 999.99995996966084 
  2292.86 999.99997873042821 
  2296.48 999.99998977299072 
  2300.10 999.99999482530848 
  2303.71 999.99999747726156 
  2307.33 999.99999879492350 
  2310.95 1000.00000000000000 
  2314.57 1000.00000000000000 
  2318.18 1000.00000000000000 
  2321.80 1000.00000000000000 
  2325.42 1000.00000000000000 
  2329.03 1000.00000000000000 
  2332.65 1000.00000000000000 
  2336.27 1000.00000000000000 
  2339.88 1000.00000000000000 
  2343.50 1000.00000000000000 
  2347.12 1000.00000000000000 
  2350.73 1000.00000000000000 
  2354.35 1000.00000000000000 
  2357.97 1000.00000000000000 
  2361.58 1000.00000000000000 
  2365.20 1000.00000000000000 
  2368.82 1000.00000000000000 
  2372.43 1000.00000000000000 
  2376.05 1000.00000000000000 
  2379.67 1000.00000000000000 
  2383.28 1000.00000000000000 
  2386.90 1000.00000000000000 
  2390.52 1000.00000000000000 
  2394.13 1000.00000000000000 
  2397.75 1000.00000000000000 
  2401.37 1000.00000000000000 
  2404.99 1000.00000000000000 
  2408.60 1000.00000000000000 
  2412.22 1000.00000000000000 
  2415.84 1000.00000000000000 
  2419.45 1000.00000000000000 
  2423.07 1000.00000000000000 
  2426.69 1000.00000000000000 
  2430.30 1000.00000000000000 
  2433.92 1000.00000000000000 
  2437.54 1000.00000000000000 
  2441.15 1000.00000000000000 
  2444.77 1000.00000000000000 
  2448.39 1000.00000000000000 
  2452.00 1000.00000000000000 
  2455.62 1000.00000000000000 
  2459.24 1000.00000000000000 
  2462.85 1000.00000000000000 
  2466.47 1000.00000000000000 
  2470.09 1000.00000000000000 
  2473.70 1000.00000000000000 
  2477.32 1000.00000000000000 
  2480.94 1000.00000000000000 
  2484.56 1000.00000000000000 
  2488.17 1000.00000000000000 
  2491.79 1000.00000000000000 
  2495.41 1000.00000000000000 
  2499.02 1000.00000000000000 
  2502.64 1000.00000000000000 
  2506.26 1000.00000000000000 
  2509.87 1000.00000000000000 
  2513.49 1000.00000000000000 
  2517.11 1000.00000000000000 
  2520.72 1000.00000000000000 
  2524.34 1000.00000000000000 
  2527.96 1000.00000000000000 
  2531.57 1000.00000000000000 
  2535.19 1000.00000000000000 
  2538.81 1000.00000000000000 
  2542.42 1000.00000000000000 
  2546.04 1000.00000000000000 
  2549.66 1000.00000000000000 
  2553.27 1000.00000000000000 
  2556.89 1000.00000000000000 
  2560.51 1000.00000000000000 
  2564.13 1000.00000000000000 
  2567.74 1000.00000000000000 
  2571.36 1000.00000000000000 
  2574.98 1000.00000000000000 
  2578.59 1000.00000000000000 
  2582.21 1000.00000000000000 
  2585.83 1000.00000000000000 
  2589.44 1000.00000000000000 
  2593.06 1000.00000000000000 
  2596.68 1000.00000000000000 
  2600.29 1000.00000000000000 
  2603.91 1000.00000000000000 
  2607.53 1000.00000000000000 
  2611.14 1000.00000000000000 
  2614.76 1000.00000000000000 
  2618.38 1000.00000000000000 
  2621.99 1000.00000000000000 
  2625.61 1000.00000000000000 
  2629.23 1000.00000000000000 
  2632.84 1000.00000000000000 
  2636.46 1000.00000000000000 
  2640.08 1000.00000000000000 
  2643.70 1000.00000000000000 
  2647.31 1000.00000000000000 
  2650.93 1000.00000000000000 
  2654.55 1000.00000000000000 
  2658.16 1000.00000000000000 
  2661.78 1000.00000000000000 
  2665.40 1000.00000000000000 
  2669.01 1000.00000000000000 
  2672.63 1000.00000000000000 
  2676.25 1000.00000000000000 
  2679.86 1000.00000000000000 
  2683.48 1000.00000000000000 
  2687.10 1000.00000000000000 
  2690.71 1000.00000000000000 
  2694.33 1000.00000000000000 
  2697.95 1000.00000000000000 
  2701.56 1000.00000000000000 
  2705.18 1000.00000000000000 
  2708.80 1000.00000000000000 
  2712.41 1000.00000000000000 
  2716.03 1000.00000000000000 
  2719.65 1000.00000000000000 
  2723.26 1000.00000000000000 
  2726.88 1000.00000000000000 
  2730.50 1000.00000000000000 
  2734.12 1000.00000000000000 
  2737.73 1000.00000000000000 
  2741.35 1000.00000000000000 
  2744.97 1000.00000000000000 
  2748.58 1000.00000000000000 
  2752.20 1000.00000000000000 
  2755.82 1000.00000000000000 
  2759.43 1000.00000000000000 
  2763.05 1000.00000000000000 
  2766.67 1000.00000000000000 
  2770.28 1000.00000000000000 
  2773.90 1000.00000000000000 
  2777.52 1000.00000000000000 
  2781.13 1000.00000000000000 
  2784.75 1000.00000000000000 
  2788.37 1000.00000000000000 
  2791.98 1000.00000000000000 
  2795.60 1000.00000000000000 
  2799.22 1000.00000000000000 
  2802.83 1000.00000000000000 
  2806.45 1000.00000000000000 
  2810.07 1000.00000000000000 
  2813.69 1000.00000000000000 
  2817.30 1000.00000000000000 
  2820.92 1000.00000000000000 
  2824.54 1000.00000000000000 
  2828.15 1000.00000000000000 
  2831.77 1000.00000000000000 
  2835.39 1000.00000000000000 
  2839.00 1000.00000000000000 
  2842.62 1000.00000000000000 
  2846.24 1000.00000000000000 
  2849.85 1000.00000000000000 
  2853.47 1000.00000000000000 
  2857.09 1000.00000000000000 
  2860.70 1000.00000000000000 
  2864.32 1000.00000000000000 
  2867.94 1000.00000000000000 
  2871.55 1000.00000000000000 
  2875.17 1000.00000000000000 
  2878.79 1000.00000000000000 
  2882.40 1000.00000000000000 
  2886.02 1000.00000000000000 
  2889.64 1000.00000000000000 
  2893.26 1000.00000000000000 
  2896.87 1000.00000000000000 
  2900.49 1000.00000000000000 
  2904.11 1000.00000000000000 
  2907.72 1000.00000000000000 
  2911.34 1000.00000000000000 
  2914.96 1000.00000000000000 
  2918.57 1000.00000000000000 
  2922.19 1000.00000000000000 
  2925.81 1000.00000000000000 
  2929.42 1000.00000000000000 
  2933.04 1000.00000000000000 
  2936.66 1000.00000000000000 
  2940.27 1000.00000000000000 
  2943.89 1000.00000000000000 
  2947.51 1000.00000000000000 
  2951.12 1000.00000000000000 
  2954.74 1000.00000000000000 
  2958.36 1000.00000000000000 
  2961.97 1000.00000000000000 
  2965.59 1000.00000000000000 
  2969.21 1000.00000000000000 
  2972.83 1000.00000000000000 
  2976.44 1000.00000000000000 
  2980.06 1000.00000000000000 
  2983.68 1000.00000000000000 
  2987.29 1000.00000000000000 
  2990.91 1000.00000000000000 
  2994.53 1000.00000000000000 
  2998.14 1000.00000000000000 
  3001.76 1000.00000000000000 
  3005.38 1000.00000000000000 
  3008.99 1000.00000000000000 
  3012.61 1000.00000000000000 
  3016.23 1000.00000000000000 
  3019.84 1000.00000000000000 
  3023.46 1000.00000000000000 
  3027.08 1000.00000000000000 
  3030.69 1000.00000000000000 
  3034.31 1000.00000000000000 
  3037.93 1000.00000000000000 
  3041.54 1000.00000000000000 
  3045.16 1000.00000000000000 
  3048.78 1000.00000000000000 
  3052.39 1000.00000000000000 
  3056.01 1000.00000000000000 
  3059.63 1000.00000000000000 
  3063.25 1000.00000000000000 
  3066.86 1000.00000000000000 
  3070.48 1000.00000000000000 
  3074.10 1000.00000000000000 
  3077.71 1000.00000000000000 
  3081.33 1000.00000000000000 
  3084.95 1000.00000000000000 
  3088.56 1000.00000000000000 
  3092.18 1000.00000000000000 
  3095.80 1000.00000000000000 
  3099.41 1000.00000000000000 
  3103.03 1000.00000000000000 
  3106.65 1000.00000000000000 
  3110.26 1000.00000000000000 
  3113.88 1000.00000000000000 
  3117.50 1000.00000000000000 
  3121.11 1000.00000000000000 
  3124.73 1000.00000000000000 
  3128.35 1000.00000000000000 
  3131.96 1000.00000000000000 
  3135.58 1000.00000000000000 
  3139.20 1000.00000000000000 
  3142.82 1000.00000000000000 
  3146.43 1000.00000000000000 
  3150.05 1000.00000000000000 
  3153.67 1000.00000000000000 
  3157.28 1000.00000000000000 
  3160.90 1000.00000000000000 
  3164.52 1000.00000000000000 
  3168.13 1000.00000000000000 
  3171.75 1000.00000000000000 
  3175.37 1000.00000000000000 
  3178.98 1000.00000000000000 
  3182.60 1000.00000000000000 
  3186.22 1000.00000000000000 
  3189.83 1000.00000000000000 
  3193.45 1000.00000000000000 
  3197.07 1000.00000000000000 
  3200.68 1000.00000000000000 
  3204.30 1000.00000000000000 
  3207.92 1000.00000000000000 
  3211.53 1000.00000000000000 
  3215.15 1000.00000000000000 
  3218.77 1000.00000000000000 
  3222.39 1000.00000000000000 
  3226.00 1000.00000000000000 
  3229.62 1000.00000000000000 
  3233.24 1000.00000000000000 
  3236.85 1000.00000000000000 
  3240.47 1000.00000000000000 
  3244.09 1000.00000000000000 
  3247.70 1000.00000000000000 
  3251.32 1000.00000000000000 
  3254.94 1000.00000000000000 
  3258.55 1000.00000000000000 
  3262.17 1000.00000000000000 
  3265.79 1000.00000000000000 
  3269.40 1000.00000000000000 
  3273.02 1000.00000000000000 
  3276.64 1000.00000000000000 
  3280.25 1000.00000000000000 
  3283.87 1000.00000000000000 
  3287.49 1000.00000000000000 
  3291.10 1000.00000000000000 
  3294.72 1000.00000000000000 
  3298.34 1000.00000000000000 
  3301.96 1000.00000000000000 
  3305.57 1000.00000000000000 
  3309.19 1000.00000000000000 
  3312.81 1000.00000000000000 
  3316.42 1000.00000000000000 
  3320.04 1000.00000000000000 
  3323.66 1000.00000000000000 
  3327.27 1000.00000000000000 
  3330.89 1000.00000000000000 
  3334.51 1000.00000000000000 
  3338.12 1000.00000000000000 
  3341.74 1000.00000000000000 
  3345.36 1000.00000000000000 
  3348.97 1000.00000000000000 
  3352.59 1000.00000000000000 
  3356.21 1000.00000000000000 
  3359.82 1000.00000000000000 
  3363.44 1000.00000000000000 
  3367.06 1000.00000000000000 
  3370.67 1000.00000000000000 
  3374.29 1000.00000000000000 
  3377.91 1000.00000000000000 
  3381.52 1000.00000000000000 
  3385.14 1000.00000000000000 
  3388.76 1000.00000000000000 
  3392.38 1000.00000000000000 
  3395.99 1000.00000000000000 
  3399.61 1000.00000000000000 
  3403.23 1000.00000000000000 
  3406.84 1000.00000000000000 
  3410.46 1000.00000000000000 
  3414.08 1000.00000000000000 
  3417.69 1000.00000000000000 
  3421.31 1000.00000000000000 
  3424.93 1000.00000000000000 
  3428.54 1000.00000000000000 
  3432.16 1000.00000000000000 
  3435.78 1000.00000000000000 
  3439.39 1000.00000000000000 
  3443.01 1000.00000000000000 
  3446.63 1000.00000000000000 
  3450.24 1000.00000000000000 
  3453.86 1000.00000000000000 
  3457.48 1000.00000000000000 
  3461.09 1000.00000000000000 
  3464.71 1000.00000000000000 
  3468.33 1000.00000000000000 
  3471.95 1000.00000000000000 
  3475.56 1000.00000000000000 
  3479.18 1000.00000000000000 
  3482.80 1000.00000000000000 
  3486.41 1000.00000000000000 
  3490.03 1000.00000000000000 
  3493.65 1000.00000000000000 
  3497.26 1000.00000000000000 
  3500.88 1000.00000000000000 
  3504.50 1000.00000000000000 
  3508.11 1000.00000000000000 
  3511.73 1000.00000000000000 
  3515.35 1000.00000000000000 
  3518.96 1000.00000000000000 
  3522.58 1000.00000000000000 
  3526.20 1000.00000000000000 
  3529.81 1000.00000000000000 
  3533.43 1000.00000000000000 
  3537.05 1000.00000000000000 
  3540.66 1000.00000000000000 
  3544.28 1000.00000000000000 
  3547.90 1000.00000000000000 
  3551.52 1000.00000000000000 
  3555.13 1000.00000000000000 
  3558.75 1000.00000000000000 
  3562.37 1000.00000000000000 
  3565.98 1000.00000000000000 
  3569.60 1000.00000000000000 
  3573.22 1000.00000000000000 
  3576.83 1000.00000000000000 
  3580.45 1000.00000000000000 
  3584.07 1000.00000000000000 
  3587.68 1000.00000000000000 
  3591.30 1000.00000000000000 
  3594.92 1000.00000000000000 
  3598.53 1000.00000000000000 
  3602.15 1000.00000000000000 
  3605.77 1000.00000000000000 
  3609.38 1000.00000000000000 
  3613.00 1000.00000000000000 
  3616.62 1000.00000000000000 
  3620.23 1000.00000000000000 
  3623.85 1000.00000000000000 
  3627.47 1000.00000000000000 
  3631.09 1000.00000000000000 
  3634.70 1000.00000000000000 
  3638.32 1000.00000000000000 
  3641.94 1000.00000000000000 
  3645.55 1000.00000000000000 
  3649.17 1000.00000000000000 
  3652.79 1000.00000000000000 
  3656.40 1000.00000000000000 
  3660.02 1000.00000000000000 
  3663.64 1000.00000000000000 
  3667.25 1000.00000000000000 
  3670.87 1000.00000000000000 
  3674.49 1000.00000000000000 
  3678.10 1000.00000000000000 
  3681.72 1000.00000000000000 
  3685.34 1000.00000000000000 
  3688.95 1000.00000000000000 
  3692.57 1000.00000000000000 
  3696.19 1000.00000000000000 
  3699.80 1000.00000000000000 
  3703.42 1000.00000000000000 
  3707.04 1000.00000000000000 
  3710.65 1000.00000000000000 
  3714.27 1000.00000000000000 
  3717.89 1000.00000000000000 
  3721.51 1000.00000000000000 
  3725.12 1000.00000000000000 
  3728.74 1000.00000000000000 
  3732.36 1000.00000000000000 
  3735.97 1000.00000000000000 
  3739.59 1000.00000000000000 
  3743.21 1000.00000000000000 
  3746.82 1000.00000000000000 
  3750.44 1000.00000000000000 
  3754.06 1000.00000000000000 
  3757.67 1000.00000000000000 
  3761.29 1000.00000000000000 
  3764.91 1000.00000000000000 
  3768.52 1000.00000000000000 
  3772.14 1000.00000000000000 
  3775.76 1000.00000000000000 
  3779.37 1000.00000000000000 
  3782.99 1000.00000000000000 
  3786.61 1000.00000000000000 
  3790.22 1000.00000000000000 
  3793.84 1000.00000000000000 
  3797.46 1000.00000000000000 
  3801.08 1000.00000000000000 
  3804.69 1000.00000000000000 
  3808.31 1000.00000000000000 
  3811.93 1000.00000000000000 
  3815.54 1000.00000000000000 
  3819.16 1000.00000000000000 
  3822.78 1000.00000000000000 
  3826.39 1000.00000000000000 
  3830.01 1000.00000000000000 
  3833.63 1000.00000000000000 
  3837.24 1000.00000000000000 
  3840.86 1000.00000000000000 
  3844.48 1000.00000000000000 
  3848.09 1000.00000000000000 
  3851.71 1000.00000000000000 
  3855.33 1000.00000000000000 
  3858.94 1000.00000000000000 
  3862.56 1000.00000000000000 
  3866.18 1000.00000000000000 
  3869.79 1000.00000000000000 
  3873.41 1000.00000000000000 
  3877.03 1000.00000000000000 
  3880.65 1000.00000000000000 
  3884.26 1000.00000000000000 
  3887.88 1000.00000000000000 
  3891.50 1000.00000000000000 
  3895.11 1000.00000000000000 
  3898.73 1000.00000000000000 
  3902.35 1000.00000000000000 
  3905.96 1000.00000000000000 
  3909.58 1000.00000000000000 
  3913.20 1000.00000000000000 
  3916.81 1000.00000000000000 
  3920.43 1000.00000000000000 
  3924.05 1000.00000000000000 
  3927.66 1000.00000000000000 
  3931.28 1000.00000000000000 
  3934.90 1000.00000000000000 
  3938.51 1000.00000000000000 
  3942.13 1000.00000000000000 
  3945.75 1000.00000000000000 
  3949.36 1000.00000000000000 
  3952.98 1000.00000000000000 
  3956.60 1000.00000000000000 
  3960.22 1000.00000000000000 
  3963.83 1000.00000000000000 
  3967.45 1000.00000000000000 
  3971.07 1000.00000000000000 
  3974.68 1000.00000000000000 
  3978.30 1000.00000000000000 
  3981.92 1000.00000000000000 
  3985.53 1000.00000000000000 
  3989.15 1000.00000000000000 
  3992.77 1000.00000000000000 
  3996.38 1000.00000000000000 
  4000.00 1000.00000000000000 
